orthofoto/dem_10m_noise.txt
ncols         150
nrows         349
xllcorner     648495
yllcorner     5250615
cellsize      10
NODATA_value  -9999
[rows 203 to 231 of 349, columns 0 to 63 of 150]
-9999 -9999 -9999 -9999 -9999 -9999 -9999 -9999 -9999 -9999 2776.244 2761.931 2745.589 2725.693 2724.862 2716.854 2712.331 2706.362 2696.379 2688.816 2680.702 2675.958 2672.334 2663.647 2662.308 2646.613 2646.268 2635.362 2627.102 2621.307 2615.632 2610.829 2602.795 2593.582 2585.339 2579.133 2573.603 2567.921 2563.77 2555.557 2552.776 2549.678 2544.822 2538.742 2535.936 2530.053 2528.171 2518.811 2517.082 2513.221 2510.937 2511.48 2499.109 2499.079 2495.268 2494.582 2486.324 2482.451 2475.369 2476.506 2470.847 2464.945 2465.21 2461.517
-9999 -9999 -9999 -9999 -9999 -9999 -9999 -9999 -9999 -9999 2773.999 2742.603 2730.285 2724.947 2717.651 2713.18 2707.457 2705.815 2698.74 2689.879 2679.927 2675.225 2671.904 2660.043 2656.505 2653.502 2642.339 2633.779 2627.227 2619.455 2610.851 2604.447 2599.88 2592.189 2589.596 2576.329 2575.54 2574.396 2564.334 2559.843 2558.825 2556.105 2542.66 2539.976 2535.572 2527.79 2524.832 2523.265 2515.738 2511.928 2508.282 2502.685 2496.65 2496.431 2493.164 2491.12 2485.017 2478.511 2479.573 2473.503 2470.242 2468.548 2461.304 2459.612
-9999 -9999 -9999 -9999 -9999 -9999 -9999 -9999 -9999 -9999 -9999 2735.137 2723.637 2715.929 2712.079 2706.622 2705.895 2699.868 2690.331 2684.253 2681.219 2669.594 2672.301 2662.093 2651.892 2648.263 2643.781 2634.686 2626.347 2619.346 2611.201 2604.333 2601.597 2591.591 2580.704 2580.684 2576.775 2568.821 2567.511 2562.136 2556.316 2552.873 2548.747 2537.218 2532.496 2532.673 2528.116 2522.873 2516.958 2515.256 2510.608 2503.773 2503.47 2494.682 2492.148 2483.916 2485.202 2480.957 2476.645 2473.113 2468.491 2465.659 2466.021 2468.107
-9999 -9999 -9999 -9999 -9999 -9999 -9999 -9999 -9999 -9999 -9999 2726.775 2723.216 2718.193 2709.62 2709.434 2700.958 2692.931 2689.546 2683.164 2677.812 2669.087 2663.704 2662.219 2651.505 2644.214 2638.168 2628.193 2624.498 2617.305 2607.158 2603.329 2596.624 2589.253 2583.4 2574.866 2569.223 2567.071 2569.9 2561.683 2556.499 2550.121 2546.338 2534.818 2538.496 2533.206 2528.936 2521.977 2517.9 2515.09 2510.505 2503.375 2501.053 2491.196 2490.886 2487.267 2488.942 2483.388 2478.033 2475.191 2470.166 2469.611 2469.26 2474.298
-9999 -9999 -9999 -9999 -9999 -9999 -9999 -9999 -9999 -9999 -9999 2710.42 2725.971 2719.745 2714.789 2706.908 2703.034 2691.442 2681.619 2677.149 2673.763 2669.883 2664.267 2656.056 2648.674 2644.273 2632.041 2633.061 2622.37 2615.079 2603.109 2597.499 2593.03 2585.198 2584.502 2577.374 2571.626 2568.278 2564.972 2557.202 2551.392 2549.317 2543.358 2540.996 2535.744 2533.596 2526.728 2517.839 2517.319 2510.109 2508.483 2504.05 2496.677 2492.925 2492.47 2487.8 2487.034 2485.812 2477.833 2475.125 2477.918 2473.367 2474.443 2471.655
-9999 -9999 -9999 -9999 -9999 -9999 -9999 -9999 -9999 -9999 -9999 2710.504 2724.615 2722.049 2716.161 2713.031 2698.609 2691.036 2683.802 2673.895 2673.364 2668.282 2661.241 2654.926 2646.556 2639.495 2631.2 2622.441 2616.85 2610.163 2604.146 2596.17 2591.724 2586.779 2583.199 2574.1 2573.554 2565.151 2559.491 2560.027 2548.591 2547.07 2544.7 2537.756 2536.285 2525.556 2526.065 2517.129 2516.564 2511.075 2504.46 2502.502 2496.202 2497.787 2492.53 2490.844 2489.698 2483.201 2480.909 2478.714 2483.257 2482.594 2478.246 2479.813
-9999 -9999 -9999 -9999 -9999 -9999 -9999 -9999 -9999 -9999 -9999 2707.188 2726.796 2719.599 2717.525 2708.125 2699.776 2690.421 2681.715 2675.778 2673.497 2666.739 2653.642 2652.142 2646.92 2640.453 2630.364 2620.19 2609.017 2606.719 2597.414 2592.375 2590.415 2586.522 2579.167 2573.275 2570.333 2562.741 2559.811 2558.113 2552.347 2544.891 2540.891 2535.972 2536.163 2528.396 2524.623 2519.859 2515.418 2506.709 2505.361 2502.429 2497.298 2495.823 2493.574 2491.429 2486.434 2485.645 2487.091 2483.488 2491.265 2490.711 2483.965 2483.975
-9999 -9999 -9999 -9999 -9999 -9999 -9999 -9999 -9999 -9999 -9999 -9999 2712.89 2725.085 2718.189 2709.916 2700.895 2689.95 2687.23 2673.985 2670.066 2664.922 2656.371 2645.078 2642.041 2635.097 2625.584 2615.078 2611.374 2602.141 2600.861 2591.364 2588.922 2578.841 2577.856 2570.148 2566.767 2561.154 2556.791 2551.039 2544.052 2538.633 2538.865 2535.475 2536.097 2530.848 2527.388 2519.331 2515.729 2512.697 2506.527 2503.989 2497.77 2493.375 2490.377 2491.26 2487.59 2495.066 2495.596 2488.042 2488.404 2485.667 2488.81 2483.122
-9999 -9999 -9999 -9999 -9999 -9999 -9999 -9999 -9999 -9999 -9999 -9999 2715.494 2726.838 2723.483 2705.4 2700.433 2687.585 2679.175 2676.478 2668.241 2665.341 2651.011 2648.059 2638.417 2633.475 2623.411 2613.706 2611.775 2599.286 2597.884 2593.615 2588.71 2578.339 2575.703 2567.759 2564.693 2556.294 2548.449 2547.069 2539.647 2539.654 2542.652 2537.983 2540.095 2530.117 2530.074 2521.347 2514.253 2512.894 2505.059 2505.025 2499.23 2497.343 2488.531 2491.111 2492.789 2494.208 2492.25 2493.415 2494.977 2494.918 2490.713 2485.032
-9999 -9999 -9999 -9999 -9999 -9999 -9999 -9999 -9999 -9999 -9999 -9999 2705.339 2732.851 2729.015 2707.801 2697.743 2683.511 2679.819 2673.697 2669.539 2662.986 2648.171 2646.254 2633.768 2628.657 2617.691 2615.664 2610.954 2603.056 2597.783 2595.59 2588.674 2579.948 2575.136 2563.913 2560.931 2553.992 2547.794 2543.312 2538.024 2538.187 2543.375 2540.646 2535.107 2532.871 2526.143 2524.452 2517.302 2515.787 2507.55 2501.93 2502.194 2494.021 2497.804 2501.186 2498.818 2496.771 2495.322 2497.844 2494.101 2497.687 2491.9 2488.231
-9999 -9999 -9999 -9999 -9999 -9999 -9999 -9999 -9999 -9999 -9999 -9999 2720.342 2730.184 2722.869 2712.629 2693.058 2685.389 2680.046 2669.891 2662.196 2652.481 2644.977 2641.052 2633.742 2621.92 2617.536 2613.09 2607.885 2602.247 2597.803 2591.058 2582.051 2578.26 2570.957 2562.087 2562.248 2555.038 2547.107 2544.484 2537.597 2534.927 2542.323 2539.817 2532.063 2534.426 2527.028 2524.966 2514.884 2512.097 2511.268 2503.092 2501.031 2500.491 2496.105 2497.91 2497.507 2496.102 2500.247 2500.86 2493.695 2502.143 2487.709 2489.835
-9999 -9999 -9999 -9999 -9999 -9999 -9999 -9999 -9999 -9999 -9999 2720.915 2738.755 2737.216 2722.049 2709.142 2694.682 2685.47 2675.108 2670.052 2661.564 2655.019 2646.382 2637.888 2631.519 2625.217 2615.033 2610.446 2606.128 2605.113 2590.808 2588.336 2577.087 2571.143 2571.538 2564.351 2555.114 2552.228 2548.03 2542.604 2536.327 2536.8 2531.039 2532.938 2530.615 2531.082 2528.087 2521.898 2516.916 2514.044 2512.506 2503.048 2501.529 2502.596 2505.49 2499.73 2499.857 2495.664 2502.58 2498.82 2494.26 2497.452 2495.369 2490.851
-9999 -9999 -9999 -9999 -9999 -9999 -9999 -9999 -9999 -9999 -9999 2738.036 2746.036 2732.787 2714.112 2702.044 2688.965 2689.567 2679.976 2671.608 2662.969 2657.103 2648.919 2638.916 2629.053 2624.647 2613.74 2607.649 2596.588 2592.695 2590.776 2583.518 2581.223 2576.831 2569.574 2560.979 2557.355 2555.185 2547.807 2544.433 2535.521 2531.38 2533.396 2530.769 2528.598 2532.033 2525.87 2519.406 2515.961 2516.446 2505.932 2496.163 2503.557 2501.965 2498.911 2501.234 2500.853 2501.257 2499.918 2498.521 2499.404 2494.077 2490.913 2493.04
-9999 -9999 -9999 -9999 -9999 -9999 -9999 -9999 -9999 -9999 -9999 2742.769 2739.269 2725.17 2711.457 2701.923 2692.527 2687.774 2677.575 2668.444 2664.772 2656.059 2647.611 2632.068 2622.656 2615.94 2613.961 2605.431 2602.069 2593.138 2586.964 2583.122 2570.672 2569.391 2563.649 2560.979 2557.788 2556.267 2547.168 2540.581 2533.835 2533.137 2533.719 2528.718 2532.488 2524.901 2520.866 2526.064 2519.134 2509.458 2506.708 2508.323 2506.874 2503.995 2499.605 2497.365 2497.08 2501.564 2503.55 2503.911 2501 2494.573 2490.683 2493.528
-9999 -9999 -9999 -9999 -9999 -9999 -9999 -9999 -9999 -9999 -9999 -9999 2729.462 2721.1 2712.671 2703.231 2698.687 2689.884 2678.969 2671.16 2667.244 2657.248 2644.414 2633.555 2628.465 2613.218 2605.707 2603.643 2592.845 2593.259 2582.448 2575.945 2570.05 2568.16 2563.701 2561.448 2557.255 2553.235 2548.389 2541.629 2541.377 2531.651 2531.767 2527.97 2527.546 2525.479 2523.659 2519.236 2516.301 2508.897 2514.531 2508.698 2511.113 2501.2 2499.54 2502.428 2496.805 2500.833 2499.707 2501.245 2501.197 2497.966 2495.682 2495.807
-9999 -9999 -9999 -9999 -9999 -9999 -9999 -9999 -9999 -9999 -9999 -9999 -9999 2704.487 2711.603 2705.634 2698.075 2689.543 2683.534 2674.791 2668.142 2659.879 2645.638 2633.752 2623.89 2619.021 2609.079 2599.574 2595.226 2582.68 2575.774 2576.696 2574.063 2562.508 2564.924 2559.026 2560.208 2552.181 2549.288 2542.63 2540.798 2531.291 2529.822 2526.308 2528.754 2529.857 2521.712 2515.968 2517.33 2519.01 2517.911 2516.634 2506.985 2504.066 2502.684 2497.353 2502.48 2500.071 2504.993 2503.449 2505.551 2499.068 2496.82 2501.631
-9999 -9999 -9999 -9999 -9999 -9999 -9999 -9999 -9999 -9999 -9999 -9999 -9999 -9999 2706.99 2703.075 2694.991 2687.36 2684.177 2674.617 2664.914 2662.831 2641.608 2630.652 2622.759 2618.621 2603.956 2596.395 2590.296 2584.601 2578.065 2575.211 2568.687 2564.995 2563.525 2559.755 2558.854 2557.054 2552.657 2542.13 2540.927 2533.93 2530.537 2529.807 2525.759 2527.804 2525.647 2518.591 2522.263 2521.885 2517.532 2508.723 2508.469 2504.68 2501.171 2502.417 2496.172 2501.085 2500.956 2502.43 2500.631 2500.806 2498.067 2501.126
-9999 -9999 -9999 -9999 -9999 -9999 -9999 -9999 -9999 -9999 -9999 -9999 -9999 -9999 2701.886 2702.962 2699.394 2692.71 2684.79 2672.179 2669.219 2659.301 2638.516 2632.99 2621.361 2612.625 2601.194 2596.672 2588.28 2583.846 2575.514 2575.93 2567.727 2562.704 2556.701 2554.869 2553.612 2548.122 2551.415 2545.589 2538.578 2538.73 2531.448 2534.148 2528.471 2523.169 2523.505 2517.81 2520.813 2520.748 2521.75 2508.159 2507.456 2507.065 2502.958 2494.958 2499.247 2497.027 2498.672 2497.842 2499.287 2496.226 2497.777 2500.728
-9999 -9999 -9999 -9999 -9999 -9999 -9999 -9999 -9999 -9999 -9999 -9999 -9999 -9999 2702.123 2710.135 2699.426 2693.136 2685.626 2675.424 2671.817 2664.525 2635.855 2630.933 2620.484 2612.757 2601.201 2591.534 2589.665 2583.501 2575.021 2568.908 2565.145 2559.395 2561.212 2553.764 2553.804 2547.083 2549.809 2546.688 2539.829 2533.783 2531.439 2531.256 2524.165 2524.115 2519.572 2521.477 2523.25 2520.124 2517.229 2509.585 2513.087 2503.358 2502.169 2505.306 2498.535 2501.028 2496.031 2500.294 2502.115 2500.72 2500.194 2502.433
-9999 -9999 -9999 -9999 -9999 -9999 -9999 -9999 -9999 -9999 -9999 -9999 -9999 -9999 2703.217 2703.886 2696.444 2690.896 2686.37 2682.242 2673.058 2655.857 2639.93 2625.402 2618.403 2612.558 2602.662 2599.36 2588.501 2588.625 2578.64 2573.529 2571.198 2564.726 2558.002 2551.817 2550.461 2550.009 2544.047 2545.037 2542.194 2541.325 2534.296 2532.507 2531.482 2524.513 2525.513 2521.19 2524.657 2521.343 2516.992 2509.617 2508.941 2503.54 2505.332 2496.009 2505.839 2500.824 2499.701 2498.018 2499.348 2500.825 2500.891 2500.788
-9999 -9999 -9999 -9999 -9999 -9999 -9999 -9999 -9999 -9999 -9999 -9999 -9999 -9999 2683.375 2702.982 2696.098 2692.338 2690.384 2679.064 2676.257 2655.681 2639.983 2629.583 2618.855 2611.399 2604.514 2597.09 2590.392 2583.301 2578.086 2573.834 2564.518 2558.104 2554.276 2554.762 2548.603 2547.955 2546.72 2546.721 2545.809 2539.259 2535.984 2535.771 2530.854 2529.384 2532.817 2527.874 2526.085 2524.603 2518.183 2512.052 2506.963 2508.873 2502.239 2504.733 2500.965 2503.056 2500.441 2502.218 2499.888 2498.837 2503.076 2497.587
-9999 -9999 -9999 -9999 -9999 -9999 -9999 -9999 -9999 -9999 -9999 -9999 -9999 -9999 2680.038 2708.416 2705.264 2697.264 2691.337 2685.039 2675.929 2650.306 2642.473 2627.102 2622.117 2612.081 2604.008 2596.009 2586.663 2581.724 2583.348 2572.296 2566.459 2558.366 2550.326 2558.824 2551.271 2546.435 2544.498 2546.279 2549.558 2543.79 2537.424 2532.122 2537.125 2527.536 2529.678 2527.332 2525.629 2525.231 2520.888 2516.601 2511.588 2509.958 2503.626 2501.364 2500.565 2498.331 2507.87 2504.141 2498.917 2502.27 2500.101 2497.961
-9999 -9999 -9999 -9999 -9999 -9999 -9999 -9999 -9999 -9999 -9999 -9999 -9999 -9999 2683.59 2706.232 2709.508 2695.954 2693.277 2682.062 2676.568 2652.527 2645.174 2633.594 2619.573 2613.3 2603.912 2600.948 2594.165 2585.073 2580.668 2570.696 2566.741 2566.358 2556.198 2550.279 2550.65 2550.803 2546.775 2542.76 2539.319 2544.026 2539.67 2529.321 2529.833 2530.035 2526.625 2532.009 2530.476 2527.24 2524.304 2517.786 2508.422 2507.325 2501.406 2501.222 2504.573 2503.317 2505.091 2505.504 2502.314 2505.435 2505.365 2503.338
-9999 -9999 -9999 -9999 -9999 -9999 -9999 -9999 -9999 -9999 -9999 -9999 -9999 -9999 2681.152 2699.226 2711.391 2698.69 2692.084 2695.508 2678.81 2655.367 2650.148 2633.554 2623.85 2621.208 2614.553 2605.541 2597.78 2584.798 2580.031 2573.078 2565.98 2560.973 2557.673 2554.035 2553.148 2551.971 2546.2 2545.322 2550.007 2547.387 2536.865 2528.152 2531.27 2532.978 2530.744 2532.452 2531.999 2524.399 2525.037 2520.05 2515.714 2509.129 2503.354 2506.281 2503.97 2506.022 2508.795 2511.126 2509.67 2498.831 2505.177 2505.31
-9999 -9999 -9999 -9999 -9999 -9999 -9999 -9999 -9999 -9999 -9999 -9999 -9999 -9999 -9999 2667.91 2712.779 2710.819 2703.491 2690.388 2679.723 2663.696 2649.057 2635.46 2626.906 2618.491 2612.997 2606.373 2596.219 2586.846 2581.857 2572.295 2570.748 2567.016 2560.685 2555.394 2553.949 2551.718 2552.719 2546.944 2545.445 2536.966 2538.48 2529.012 2530.908 2534.171 2531.096 2535.083 2530.632 2530.172 2526.5 2522.005 2515.563 2513.133 2506.213 2505.164 2506.696 2503.692 2507.892 2507.604 2502.191 2507.219 2503.87 2509.057
-9999 -9999 -9999 -9999 -9999 -9999 -9999 -9999 -9999 -9999 -9999 -9999 -9999 -9999 -9999 2654.698 2690.992 2709.819 2704.361 2696.726 2681.84 2671.951 2648.142 2638.223 2626.425 2619.201 2615.915 2603.815 2596.334 2590.763 2578.689 2572.414 2572.443 2564.967 2560.38 2554.37 2558.498 2559.89 2554.283 2547.577 2548.569 2540.397 2534.19 2537.531 2534.485 2529.3 2533.5 2535.924 2533.463 2530.633 2527.271 2526.088 2515.405 2515.449 2513.722 2511.312 2510.453 2505.91 2507.125 2509.788 2510.024 2509.736 2504.692 2501.5
-9999 -9999 -9999 -9999 -9999 -9999 -9999 -9999 -9999 -9999 -9999 -9999 -9999 -9999 -9999 -9999 2659.003 2707.617 2707.014 2694.438 2687.015 2671.535 2660.803 2645.521 2633.629 2628.414 2620.544 2608.081 2600.645 2591.764 2583.796 2571.647 2569.315 2564.81 2564.591 2562.432 2557.085 2556.268 2556.798 2556.582 2544.958 2543.786 2537.113 2540.059 2538.694 2536.831 2534.869 2535.573 2535.419 2533.485 2531.638 2520.766 2519.421 2516.868 2513.869 2513.458 2510.87 2509.08 2506.426 2510.483 2502.824 2509.802 2507.678 2506.416
-9999 -9999 -9999 -9999 -9999 -9999 -9999 -9999 -9999 -9999 -9999 -9999 -9999 -9999 -9999 -9999 -9999 2691.487 2706.949 2694.759 2689.438 2678.695 2666.693 2649.775 2637.109 2626.673 2618.207 2614.47 2597.543 2600.114 2586.762 2583.212 2572.634 2566.937 2564.943 2563.25 2565.148 2559.344 2558.051 2554.521 2550.499 2542.854 2546.816 2540.729 2541.208 2538.897 2536.493 2536.006 2535.043 2530.484 2528.781 2526.792 2518.855 2513.65 2509.676 2513.676 2515.051 2512.259 2507.993 2510.375 2509.021 2505.727 2507.215 2508.503
-9999 -9999 -9999 -9999 -9999 -9999 -9999 -9999 -9999 -9999 -9999 -9999 -9999 -9999 -9999 -9999 -9999 -9999 -9999 2686.167 2686.591 2682.062 2673.959 2649.511 2642.377 2634.28 2625.536 2618.282 2605.289 2604.861 2592.754 2584.96 2577.768 2575.353 2570.309 2569.011 2567.146 2562.669 2556.412 2553.806 2548.541 2548.376 2544.805 2546.716 2544.083 2540.308 2538.869 2536.208 2539.351 2539.565 2530.727 2527.157 2519.069 2517.96 2511.165 2516.62 2517.081 2510.333 2512.621 2512.286 2507.202 2510.718 2505.555 2507.345
