orthofoto/dem_10m_noise.txt
ncols         150
nrows         349
xllcorner     648495
yllcorner     5250615
cellsize      10
NODATA_value  -9999
[rows 203 to 231 of 349, columns 64 to 127 of 150]
2458.254 2459.803 2460.751 2452.197 2450.699 2451.117 2449.795 2453.989 2452.362 2451.625 2443.735 2440.655 2441.724 2439.957 2437.312 2433.876 2436.445 2436.658 2435.325 2431.254 2434.378 2437.298 2435.863 2430.628 2433.164 2430.622 2428.122 2427.177 2426.617 2423.293 2422.565 2422.59 2424.625 2425.706 2428.06 2431.482 2430.051 2438.377 2437.496 2433.423 2438.331 2432.157 2429.617 2432.484 2434.336 2434.353 2431.88 2430.905 2425.322 2425.245 2425.684 2422.151 2420.334 2422.964 2424.135 2422.087 2427.611 2428.082 2426.174 2425.782 2427.58 2422.794 2426.994 2420.966
2462.796 2458.723 2463.622 2450.028 2451.022 2455.044 2453.377 2452.232 2450.002 2451.843 2447.179 2444.653 2443.071 2444.537 2443.678 2436.193 2439.342 2437.191 2431.87 2434.326 2439.462 2442.839 2443.037 2433.983 2435.328 2437.16 2431.826 2428.668 2424.473 2422.293 2421.872 2428.631 2432.02 2429.821 2434.449 2436.285 2440.023 2441.724 2440.972 2436.817 2434.962 2434.975 2437.094 2433.276 2428.924 2433.924 2434.852 2431.646 2433.587 2429.647 2430.428 2428.308 2428.324 2425.752 2429.891 2428.505 2428.341 2427.897 2431.642 2425.91 2426.05 2424.818 2420.432 2418.438
2463.492 2461.335 2459.126 2457.418 2461.078 2457.173 2456.948 2458.65 2454.688 2450.698 2454.28 2450.49 2448.995 2448.918 2445.777 2444.31 2440.025 2446.982 2444.715 2439.371 2441.136 2446.085 2440.941 2438.074 2439.441 2439.772 2432.315 2431.788 2426.117 2423.408 2427.034 2433.805 2434.913 2438.788 2439.924 2438.339 2443.62 2445.118 2440.392 2436.468 2435.555 2432.063 2430.61 2435.281 2434.253 2434.259 2434.582 2435.676 2430.643 2436.983 2435.839 2432.815 2435.772 2431.211 2437.279 2431.975 2430.844 2431.234 2432.663 2433.883 2426.429 2428.182 2424.728 2418.715
2468 2464.413 2470.384 2469.273 2462.846 2463.796 2458.802 2463.798 2459.372 2458.042 2457.11 2452.555 2452.677 2451.569 2449.257 2445.476 2445.382 2445.917 2444.31 2446.965 2441.421 2445.357 2443.455 2443.901 2442.532 2435.603 2434.092 2434.117 2434.38 2434.08 2437.447 2433.187 2444.462 2443.411 2442.57 2443.581 2442.467 2437.208 2443.69 2437.709 2439.131 2439.102 2437.82 2436.351 2440.051 2441.249 2438.905 2438.516 2438.219 2437.063 2436.242 2437.795 2435.479 2437.649 2439.744 2435.2 2434.927 2435.104 2433.319 2429.769 2431.232 2427.371 2427.71 2415.154
2474.315 2481.1 2470.565 2468.217 2467.896 2464.116 2462.182 2462.429 2466.365 2456.425 2459.075 2457.431 2458.613 2454.661 2453.207 2451.508 2447.88 2454.084 2450.046 2448.049 2450.014 2447.457 2448.513 2441.874 2440.271 2441.225 2437.784 2434.163 2436.219 2435.668 2440.308 2442.54 2442.747 2446.617 2444.575 2444.638 2445.248 2440.158 2438.242 2437.268 2439.108 2439.951 2442.319 2438.573 2442.854 2445.26 2440.189 2443.689 2445.231 2443.302 2444.067 2444.451 2445.584 2444.66 2442.185 2440.353 2440.545 2437.007 2435.831 2430.087 2432.148 2427.615 2421.996 2417.729
2475.342 2475.5 2472.499 2471.948 2466.182 2467.74 2467.21 2463.918 2463.986 2465.174 2462.24 2463.123 2456.471 2455.806 2457.155 2451.008 2451.827 2456.058 2452.339 2449.596 2452.873 2452.175 2450.979 2444.178 2444.401 2439.148 2439.738 2444.282 2440.613 2440.121 2444.487 2444.015 2448.262 2446.558 2443.914 2445.667 2441.52 2442.797 2438.575 2439.849 2442.569 2440.004 2442.521 2444.958 2447.191 2447.634 2446.473 2447.457 2444.229 2456.249 2452.027 2448.541 2449.642 2446.721 2446.915 2444.632 2441.571 2436.183 2434.601 2434.237 2432.388 2422.033 2414.739 2418.054
2484.406 2480.126 2474.854 2477.309 2469.451 2476.364 2471.936 2472.66 2472.166 2473.113 2470.399 2467.911 2463.593 2463.895 2460.409 2456.679 2452.004 2454.183 2454.209 2453.36 2457.084 2453.947 2450.584 2445.815 2440.089 2441.142 2446.444 2444.831 2442.539 2445.58 2445.434 2446.482 2452.822 2450.682 2446.901 2445.644 2444.548 2442.635 2442.685 2443.294 2444.974 2446.133 2446.794 2447.347 2450.244 2451.656 2455.469 2451.565 2452.509 2456.771 2453.328 2457.455 2454.888 2452.915 2449.328 2445.193 2440.154 2441.832 2434.516 2435.856 2432.261 2423.496 2421.205 2413.886
2479.617 2481.835 2481.37 2481.588 2479.801 2477.337 2477.885 2476.106 2472.986 2470.693 2474.534 2469.057 2468.38 2465.752 2462.588 2463.579 2462.426 2462.64 2456.833 2459.569 2454.479 2457.709 2450.878 2447.721 2449.475 2450.638 2452.313 2445.922 2449.745 2446.385 2449.385 2454.461 2453.278 2456.798 2449.546 2446.817 2446.056 2440.581 2446.114 2441.5 2449.932 2443.358 2451.786 2452.725 2458.524 2455.652 2458.922 2459.913 2459.683 2457.768 2453.041 2455.321 2456.803 2455.935 2449.716 2449.605 2444.006 2445.058 2439.653 2433.814 2428.274 2425.619 2420.472 2416.717
2482.508 2484.7 2482.89 2486.256 2491.405 2484.261 2481.422 2477.257 2474.278 2472.653 2477.489 2474.489 2472.947 2470.644 2462.728 2461.323 2464.707 2462.904 2463.55 2463.352 2457.417 2454.979 2455.252 2455.739 2457.739 2453.255 2451.598 2454.156 2454.438 2452.427 2451.24 2455.408 2456.564 2454.101 2452.914 2447.604 2445.435 2447.719 2451.811 2453.984 2450.77 2454.502 2455.198 2457.042 2455.212 2457.152 2458.674 2461.363 2462.917 2460.356 2462.9 2456.67 2460.201 2456.7 2455.396 2447.104 2445.813 2446.294 2435.197 2439.172 2432.031 2425.218 2424.515 2417.451
2483.502 2486.124 2487.882 2485.5 2486.432 2486.912 2482.812 2482.811 2482.169 2480.836 2480.537 2475.476 2469.89 2472.141 2470.183 2467.155 2465.927 2470.708 2460.938 2457.819 2460.894 2462.341 2459.597 2459.533 2458.836 2457.531 2457.037 2455.968 2454.92 2458.701 2457.569 2453.099 2456.135 2450.527 2449.338 2450.322 2452.619 2452.144 2451.764 2455.53 2452.772 2456.098 2457.636 2458.786 2464.209 2465.671 2462.447 2464.738 2461.962 2466.036 2462.906 2461.317 2461.533 2453.336 2450 2452.718 2449.831 2443.517 2437.04 2435.441 2433.618 2427.14 2426.865 2418.132
2483.382 2483.225 2484.269 2485.214 2486.664 2492.46 2488.936 2480.942 2480.578 2477.788 2479.647 2477.308 2472.314 2470.347 2472.837 2471.233 2470.463 2467.444 2466.483 2462.862 2461.871 2464.622 2459.385 2461.499 2460.694 2465.131 2463.113 2458.814 2460.371 2456.062 2459.128 2452.399 2451.323 2449.803 2448.995 2454.58 2456.062 2452.874 2454.544 2457.674 2460.266 2459.682 2463.473 2464.66 2465.896 2466.011 2469.36 2466.679 2466.252 2462.133 2464.997 2459.433 2458.581 2451.776 2452.55 2451.912 2451.729 2448.867 2445.92 2438.992 2434.593 2427.935 2426.286 2419.1
2493.304 2494.555 2492.551 2489.747 2489.427 2490.083 2484.035 2487.647 2480.163 2477.695 2476.292 2477.849 2479.773 2475.824 2474.789 2470.659 2472.599 2466.652 2470.65 2467.448 2463.608 2467.359 2469.299 2468.601 2463.407 2465.476 2465.733 2461.935 2468.151 2464.269 2458.496 2456.615 2456.309 2453.8 2455.72 2458.89 2456.147 2458.112 2462.184 2465.952 2466.098 2466.229 2469.362 2470.278 2468.074 2471.665 2467.652 2468.651 2463.103 2463.685 2461.481 2459.452 2452.58 2458.055 2457.66 2457.17 2451.064 2449.131 2443.098 2443.412 2435.783 2425.612 2418.58 2419.407
2494.683 2492.794 2494.861 2492.403 2493.789 2491.295 2490.338 2485.663 2484.897 2481.755 2482.988 2477.977 2480.573 2476.437 2476.15 2471.043 2474.647 2471.893 2470.539 2472.026 2475.246 2468.73 2467.584 2467.391 2469.023 2469.346 2467.753 2468.351 2466.381 2464.812 2460.192 2459.609 2455.629 2457.013 2457.791 2463.139 2461.446 2460.973 2467.755 2469.33 2469.23 2472.297 2472.891 2472.755 2473.574 2471.353 2474.684 2470.382 2466.679 2465.152 2457.219 2458.323 2458.517 2461.36 2462.071 2459.549 2451.605 2456.554 2444.84 2442.883 2432.416 2431.942 2423.576 2419.088
2496.687 2495.886 2496.799 2493.896 2493.036 2489.621 2489.352 2488.609 2487.541 2487.671 2487.561 2487.845 2486.375 2484.763 2480.405 2479.102 2473.088 2469.15 2469.124 2470.699 2470.281 2471.709 2469.071 2467.741 2472.471 2469.58 2472.258 2470.688 2465.366 2461.213 2464.251 2460.986 2461.086 2463.791 2459.824 2463.83 2469.596 2467.306 2471.676 2470.63 2475.786 2473.932 2472.786 2477.884 2476.176 2473.549 2471.091 2470.136 2463.458 2463.25 2463.349 2458.92 2464.357 2468.712 2467.263 2465.827 2456.657 2454.917 2445.877 2447.275 2435.026 2434.89 2423.902 2426.079
2494.37 2498.365 2496.175 2497.881 2495.334 2495.309 2494.818 2490.165 2491.303 2493.038 2489.877 2493.733 2488.391 2486.691 2482.598 2473.181 2475.329 2473.581 2470.774 2472.376 2473.001 2472.29 2475.228 2472.21 2471.615 2468.812 2470.423 2469.823 2463.637 2465.372 2464.619 2463.702 2467.594 2462.991 2465.22 2467.656 2467.569 2471.144 2473.477 2472.276 2474.69 2477.438 2474.87 2478.587 2479.125 2471.641 2467.31 2471.574 2465.446 2467.051 2469.166 2467.467 2471.537 2472.948 2465.4 2469.219 2461.306 2454.033 2448.299 2442.952 2440.08 2430.089 2427.234 2419.815
2498.304 2502.066 2501.121 2499.504 2492.909 2492.359 2494.685 2490.807 2494.607 2489.381 2492.719 2493.358 2494.931 2486.887 2482.15 2476.756 2478.83 2476.763 2474.083 2477.248 2472.261 2476.125 2477.63 2472.464 2473.619 2475.628 2473.152 2472.783 2468.51 2466.866 2470.903 2466.768 2469.556 2465.346 2469.827 2473.308 2474.909 2477.586 2478.313 2476.968 2477.166 2481.872 2475.835 2476.217 2473.312 2470.45 2471.326 2472.901 2469.756 2472.031 2476.274 2476.885 2475.229 2475.179 2479.471 2468.263 2464.346 2454.08 2450.008 2444.544 2441.557 2432.114 2429.397 2429.569
2497.347 2503.324 2495.277 2498.601 2496.486 2494.113 2491.663 2496.042 2496.824 2492.549 2495.895 2496.81 2492.184 2488.969 2484.902 2481.199 2479.234 2482.582 2481.498 2476.602 2481.291 2480.055 2479.14 2477.489 2476.923 2475.064 2477.031 2474.824 2475.977 2472.708 2469.9 2470.709 2469.054 2475.108 2473.78 2473.234 2480.521 2479.761 2482.462 2485.37 2488.983 2480.403 2486.188 2475.914 2471.321 2470.746 2470.383 2477.254 2473.956 2479.36 2486.646 2477.988 2480.15 2475.576 2474.333 2467.832 2464.584 2455.72 2453.121 2443.705 2435.194 2432.357 2431.033 2420.135
2499.998 2502.767 2494.581 2494.997 2492.991 2492.933 2494.84 2498.194 2493.406 2495.195 2494.283 2497.077 2492.195 2491.259 2485.485 2489.477 2485.888 2483.299 2481.196 2480.228 2481.99 2480.742 2476.933 2479.205 2475.437 2475.22 2485.323 2481.949 2477.783 2479.744 2475.783 2477.766 2474.553 2475.373 2480.889 2474.151 2481.342 2483.856 2482.358 2483.575 2486.816 2482.047 2477.959 2475.17 2473.478 2473.564 2478.372 2475.485 2479.494 2492.854 2488.052 2483.265 2482.61 2481.476 2470.875 2470.175 2466.811 2459.256 2452.344 2450.795 2440.708 2438.751 2432.36 2429.611
2503.721 2501.213 2499.434 2497.737 2507.213 2501.181 2495.666 2499.306 2501.845 2505.693 2497.405 2497.421 2492.136 2491.101 2492.806 2487.653 2486.325 2490.25 2488.885 2489.684 2487.825 2479.874 2483.434 2484.923 2484.644 2484.442 2487.119 2481.069 2479.41 2482.285 2482.995 2482.11 2479.248 2479.461 2480.869 2484.975 2482.798 2482.247 2484.256 2485.038 2482.075 2475.901 2477.029 2477.359 2475.771 2477.082 2483.746 2486.85 2489.947 2492.764 2489.447 2478.594 2485.817 2476.534 2478.184 2473.439 2467.835 2460.811 2452.919 2447.194 2438.915 2437.681 2438.462 2429.978
2500.712 2493.951 2498.724 2501.487 2501.28 2500.251 2501.012 2500.203 2503.86 2501.16 2497.959 2493.901 2494.281 2500.442 2499.996 2494.29 2489.108 2496.405 2492.534 2489.34 2487.757 2488.874 2487.325 2486.533 2487.171 2488.678 2481.162 2481.683 2483.239 2479.681 2484.167 2483.999 2483.893 2484.877 2485.533 2489.5 2487.614 2484.844 2487.562 2482.311 2480.579 2476.693 2480.069 2484.082 2474.401 2480.046 2484.478 2489.311 2490.742 2488.707 2485.415 2483.189 2483.62 2474.22 2472.984 2469.366 2469.47 2458.347 2455.808 2446.347 2445.281 2442.263 2439.93 2434.382
2498.313 2499.091 2502.947 2503.498 2502.588 2503.302 2505.158 2502.464 2505.812 2500.633 2497.774 2498.263 2501.665 2495.981 2504.522 2497.762 2498.36 2494.537 2500.709 2489.667 2489.167 2490.138 2492.811 2492.756 2486.729 2486.726 2486.788 2484.704 2484.987 2487.608 2485.775 2490.756 2489.905 2489.714 2486.082 2490.146 2488.965 2486.029 2487.282 2482.543 2477.437 2482.109 2470.433 2480.43 2476.417 2483.284 2487.929 2487.213 2489.396 2487.471 2485.523 2485.797 2485.478 2477.158 2472.619 2468.123 2462.602 2465.383 2456.547 2449.858 2445.538 2440.908 2436.608 2433.847
2501.539 2505.705 2502.428 2506.864 2507.489 2504.889 2510.172 2503.898 2503.942 2502.978 2496.948 2498.561 2500.467 2499.379 2500.099 2499.057 2499.948 2499.958 2498.576 2496.478 2495.074 2494.069 2493.731 2493.725 2489.666 2487.98 2485.33 2483.975 2482.81 2490.744 2485.941 2489.562 2490.396 2490.923 2492.883 2491.462 2489.514 2489.85 2482.618 2479.99 2474.671 2476.896 2476.907 2470.182 2476.668 2479.675 2481.722 2483.258 2491.02 2491.908 2491.672 2483.592 2485.181 2477.839 2477.736 2471.439 2467.942 2462.576 2457.908 2447.439 2447.152 2442.623 2435.332 2429.652
2505.937 2501.098 2507.903 2506.379 2507.263 2504.519 2505.205 2501.579 2502.494 2505.578 2498.003 2502.844 2501.676 2501.739 2498.589 2497.96 2497.491 2494.169 2491.795 2494.031 2493.075 2490.208 2492.753 2490.117 2486.456 2491.206 2489.675 2487.774 2486.682 2486.896 2484.706 2491.056 2487.156 2485.769 2490.863 2489.395 2489.338 2484.905 2482.237 2476.93 2472.141 2470.281 2472.778 2470.63 2476.988 2474.703 2483.711 2484.023 2491.648 2483.607 2483.337 2485.283 2475.711 2476.378 2471.331 2470.102 2469.268 2464.373 2456.874 2450.38 2441.885 2439.765 2433.336 2430.97
2504.505 2503.891 2506.449 2507.469 2511.98 2506.139 2509.763 2509.895 2508.323 2506.311 2506.927 2505.232 2503.209 2502.544 2500.864 2496.651 2496.84 2492.533 2491.384 2495.419 2496.109 2487.942 2489.796 2491.131 2488.333 2494.656 2492.157 2494.439 2492.089 2492.583 2493.967 2488.296 2488.191 2490.209 2491.779 2491.886 2489.494 2485.048 2479.715 2475.465 2471.149 2470.895 2471.979 2471.477 2476.327 2474.221 2476.481 2479.984 2486.389 2484.089 2480.394 2481.314 2478.516 2472.469 2474.332 2471.805 2468.451 2461.701 2453.711 2447.951 2440.979 2434.189 2435.359 2427.775
2506.123 2507.583 2508.475 2509.963 2504.73 2509.818 2504.548 2508.261 2507.578 2504.581 2504.932 2510.016 2502.559 2499.124 2494.867 2496.33 2493.361 2492.582 2499.921 2497.844 2496.245 2494.589 2491.556 2494.698 2493.917 2497.954 2494.415 2499.454 2495.491 2489.637 2493.608 2488.584 2490.032 2489.383 2493.029 2490.777 2489.545 2485.66 2475.672 2480.629 2473.948 2471.817 2471.165 2473.083 2473.942 2474.88 2474.656 2475.506 2477.597 2476.75 2480.079 2479.338 2475.335 2472.09 2469.017 2466.105 2468.833 2458.948 2454.534 2447.844 2443.636 2437.185 2434.48 2431.956
2507.059 2503.232 2510.19 2509.558 2508.207 2514.18 2508.372 2507.93 2508.228 2504.824 2502.599 2506.686 2499.941 2494.137 2493.409 2492.319 2497.795 2492.417 2501.074 2502.802 2500.597 2495.742 2495.296 2497.644 2497.973 2499.427 2502.156 2501.58 2500.189 2497.802 2496.62 2493.465 2494.425 2492.461 2494.123 2490.972 2486.195 2483.495 2480.96 2479.681 2477.809 2473.071 2478.765 2478.704 2473.462 2474.29 2470.943 2469.79 2472.359 2475.636 2475.891 2471.51 2472.409 2471.438 2471.328 2466.151 2463.851 2460.452 2455.016 2449.244 2446.82 2442.886 2436.269 2428.321
2504.851 2506.694 2509.743 2511.02 2512.282 2511.267 2510.773 2507.962 2503.429 2504.806 2504.105 2502.008 2498.546 2495.571 2489.769 2496.641 2497.088 2496.721 2501.821 2505.541 2501.168 2495.47 2501.301 2502.388 2502.773 2504.584 2502.587 2506.36 2504.244 2505.874 2500.05 2498.754 2495.233 2493.513 2481.657 2482.466 2485.709 2478.826 2481.253 2481.36 2485.408 2485.096 2481.065 2478.653 2477.244 2474.828 2473.564 2468.471 2466.35 2467.681 2466.837 2469.063 2467.425 2469.185 2464.433 2464.509 2459.04 2460.189 2459.789 2448.707 2448.985 2440.374 2435.594 2426.652
2507.724 2508.733 2506.94 2512.89 2510.564 2510.607 2513.739 2510.74 2506.554 2504.868 2502.902 2500.791 2496.65 2495.103 2491.98 2497.604 2495.884 2503.17 2502.831 2503.939 2499.951 2500.594 2503.09 2503.673 2505.279 2509.12 2507.03 2508.038 2506.45 2508.959 2504.361 2497.188 2496.297 2485.396 2481.047 2480.677 2483.081 2478.436 2481.385 2486.283 2484.465 2485.124 2484.924 2483.404 2474.589 2476.192 2472.096 2464.323 2463.142 2466.177 2465.044 2467.826 2466.315 2471.774 2460.531 2458.578 2455.456 2456.673 2452.924 2446.777 2444.665 2440.946 2438.478 2432.431
2508.002 2507.467 2506.135 2513.698 2511.698 2513.483 2513.015 2504.867 2503.042 2506.28 2499.478 2493.924 2494.884 2491.93 2495.075 2498.385 2499.777 2501.179 2502.988 2509.282 2501.04 2505.472 2509.147 2505.32 2505.635 2511.612 2510.113 2509.749 2507.953 2507.642 2505.602 2496.126 2489.751 2483.692 2479.804 2484.987 2477.385 2485.949 2485.081 2488.654 2484.857 2484.965 2481.086 2475.798 2472.65 2469.234 2470.534 2460.828 2460.124 2454.233 2455.174 2459.288 2459.26 2455.877 2462.171 2459.255 2458.181 2453.211 2451.997 2446.302 2446.268 2442.205 2433.925 2432.986
