orthofoto/dem_10m_noise.txt
ncols         150
nrows         349
xllcorner     648495
yllcorner     5250615
cellsize      10
NODATA_value  -9999
[rows 232 to 260 of 349, columns 64 to 127 of 150]
2509.255 2508.9 2510.646 2509.394 2507.439 2516.229 2509.925 2508.612 2506.202 2499.956 2497.458 2495.263 2493.681 2497.839 2496.184 2497.024 2497.754 2501.961 2505.365 2503.83 2505.463 2509.846 2507.16 2510.244 2505.299 2507.498 2512.735 2509.944 2512.837 2503.152 2502.132 2497.788 2487.677 2485.666 2488.069 2482.967 2484.883 2483.357 2485.247 2483.179 2485.118 2483.607 2480.554 2475.359 2471.216 2467.976 2465.838 2464.114 2460.666 2455.155 2448.517 2451.453 2456.59 2456.286 2451.49 2454.278 2451.382 2446.217 2447.002 2443.941 2440.006 2438.446 2437.545 2430.012
2508.422 2509.444 2506.545 2506.58 2505.027 2503.23 2501.504 2504.193 2501.333 2498.931 2500.654 2493.312 2495.222 2500.141 2504.69 2503.213 2504.129 2512.325 2509.512 2506.959 2506.765 2510.64 2510.333 2510.447 2512.335 2509.205 2512.595 2510.04 2510.11 2506.689 2499.735 2494.416 2489.855 2489.532 2489.145 2488.15 2486.031 2488.815 2483.017 2486.492 2483.04 2479.933 2477.804 2474.47 2471.544 2464.036 2462.313 2462.066 2456.942 2455.748 2447.565 2447.958 2449.968 2446.97 2452.427 2451.035 2449.474 2441.535 2440.859 2441.384 2433.637 2437.772 2436.947 2427.728
2513.836 2509.039 2508.81 2507.902 2508.043 2505.603 2510.68 2505.554 2505.686 2501.326 2500.17 2496.819 2498.963 2502.972 2511.909 2507.691 2504.901 2507.768 2509.075 2510.576 2509.153 2509.312 2511.948 2510.368 2509.791 2509.059 2514.464 2507.745 2509.777 2509.983 2501.148 2498.74 2490.459 2493.241 2488.868 2489.85 2490.246 2486.514 2487.023 2481.643 2479.738 2473.09 2471.087 2474.035 2468.068 2467.185 2458.46 2458.194 2458.266 2450.453 2443.85 2441.3 2445.511 2444.15 2445.506 2442.682 2442.323 2435.962 2438.561 2439.426 2435.107 2437.464 2436.431 2436.601
2512.365 2508.975 2509.606 2506.807 2507.787 2508.658 2508.902 2509.099 2503.858 2501.041 2503.717 2499.518 2503.557 2502.827 2511.685 2505.487 2504.193 2507.331 2508.01 2513.549 2509.272 2508.841 2505.567 2511.241 2507.776 2509.392 2509.737 2506.447 2505.205 2505.107 2500.703 2499.967 2494.115 2492.635 2492.946 2492.024 2491.066 2487.039 2483.54 2476.045 2478.122 2477.048 2465.139 2468.83 2466.211 2462.636 2459.287 2457.972 2450.662 2443.505 2446.967 2440.09 2442.527 2442.261 2436.508 2442.257 2438.194 2437.293 2432.466 2430.235 2432.269 2436.992 2432.074 2433.013
2512.403 2510.893 2510.602 2509.34 2509.799 2510.17 2510.724 2510.641 2507.229 2504.372 2502.323 2507.127 2506.534 2506.193 2506.937 2506.068 2501.816 2505.728 2508.72 2509.747 2509.364 2508.094 2510.039 2505.861 2507.69 2504.107 2505.437 2500.039 2506.353 2503.178 2503.895 2495.18 2495.958 2494.381 2489.072 2489.11 2486.675 2484.22 2483.84 2475.994 2472.576 2464.491 2468.259 2464.097 2459.478 2454.486 2450.482 2447.963 2442.883 2444.276 2442.514 2445.671 2443.94 2442.209 2440.946 2435.127 2435.431 2428.933 2434.441 2438.348 2433.285 2433.157 2433.258 2436.981
2516.456 2514.982 2512.65 2513.591 2512.579 2515.788 2514.29 2518.103 2506.367 2506.019 2503.584 2505.134 2509.878 2508.761 2509.194 2505.431 2508.675 2506.801 2509.06 2508.577 2515.321 2511.568 2506.363 2508.361 2501.031 2500.272 2504.72 2501.462 2501.505 2499.736 2502.698 2499.761 2495.957 2491.146 2492.375 2485.859 2480.417 2485.312 2480.058 2474.885 2469.892 2468.837 2462.388 2461.766 2462.08 2454.852 2453.367 2445.658 2439.376 2440.667 2441.301 2441.506 2440.51 2442.178 2439.587 2435.883 2433.051 2433.21 2431.856 2438.346 2433.634 2436.757 2435.017 2433.881
2513.49 2519.537 2514.099 2517.866 2512.668 2518.746 2517.853 2514.334 2513.171 2511.611 2506.588 2514.143 2507.29 2509.388 2506.929 2510.882 2509.195 2502.983 2508.735 2512.944 2509.426 2508.525 2506.403 2507.394 2498.366 2500.585 2498.331 2498.841 2496.803 2503.159 2499.118 2497.059 2492.292 2493.084 2491.247 2490.032 2482.123 2477.538 2475.06 2474.67 2468.908 2463.817 2463.959 2457.052 2458.143 2450.847 2451.181 2445.878 2441.811 2436.359 2437.642 2443.392 2442.577 2440.645 2441.059 2441.647 2440.795 2430.603 2434.397 2434.031 2435.886 2437.577 2433.977 2434.237
2516.989 2515.902 2520.199 2519.681 2517.945 2514.771 2517.465 2516.835 2519.332 2512.227 2515.253 2510.57 2513.183 2512.511 2506.627 2509.557 2505.614 2508.107 2508.814 2510.065 2508.166 2506.152 2505.739 2506.152 2499.004 2499.577 2501.713 2496.325 2495.658 2496.766 2498.906 2493.962 2492.946 2491.307 2485.599 2484.572 2482.446 2482.381 2477.394 2475.629 2465.253 2464.314 2463.656 2458.583 2454.279 2453.654 2452.283 2443.481 2442.904 2439.283 2438.287 2440.91 2440.896 2436.177 2440.177 2438.279 2435.176 2435.072 2438.06 2436.279 2441.048 2439.027 2440.111 2432.894
2521.194 2522.557 2527.452 2521.138 2521.105 2516.594 2522.267 2520.969 2520.746 2520.969 2512.096 2514.084 2516.744 2511.221 2514.921 2511.396 2513.103 2511.837 2506.577 2510.403 2513.196 2508.793 2504.06 2504.823 2500.287 2496.1 2496.101 2496.549 2497.355 2498.08 2496.728 2496.539 2490.373 2489.681 2491.413 2486.365 2485.468 2476.978 2476.396 2474.568 2468.683 2462.55 2459.301 2458.822 2454.438 2454.521 2449.812 2449.043 2444.712 2440.869 2443.192 2442.995 2440.083 2441.36 2438.631 2440.646 2439.452 2434.915 2438.833 2439.959 2443.112 2441.648 2437.827 2433.195
2527.701 2531.962 2531.452 2527.468 2522.906 2524.231 2521.9 2520.382 2521.864 2520.692 2521.073 2517.125 2513.031 2516.368 2517.76 2511.002 2515.944 2508.365 2514.404 2510.512 2511.319 2510.555 2507.138 2503.451 2502.016 2498.814 2499.032 2498.671 2494.953 2495.41 2498.058 2492.491 2487.891 2485.446 2489.131 2486.647 2482.243 2477.388 2478.483 2475.586 2468.684 2463.904 2464.875 2461.282 2458.326 2451.446 2453.008 2442.609 2447.417 2444.973 2442.483 2442.235 2440.334 2441.317 2439.931 2436.766 2436.948 2436.762 2441.68 2442.687 2442.867 2438.758 2439.537 2440.41
2537.881 2537.293 2531.251 2529.504 2526.791 2527.574 2530.445 2522.672 2516.598 2525.061 2524.137 2520.394 2516.912 2518.089 2514.979 2511.356 2511.137 2510.819 2507.557 2509.692 2511.757 2510.711 2502.844 2504.883 2504.826 2502.239 2499.783 2502.189 2502.343 2499.693 2495.923 2496.501 2487.92 2489.795 2485.717 2484.788 2487.132 2480.408 2476.762 2472.751 2476.213 2472.122 2471.317 2463.282 2464.226 2457.573 2450.628 2449.872 2447.675 2447.311 2449.116 2446.525 2439.734 2441.344 2439.401 2440.836 2438.798 2438.663 2443.171 2445.555 2445.126 2443.613 2444.425 2442.12
2535.812 2540.274 2537.195 2533.376 2535.95 2530.819 2528.083 2530.732 2524.667 2523 2527.833 2528.285 2521.339 2517.792 2518.358 2519.012 2517.448 2517.645 2512.707 2510.649 2507.854 2503.178 2507.878 2504.578 2503.573 2502.212 2505.03 2505.179 2504.196 2503.458 2497.369 2496.331 2490.275 2487.904 2488.743 2487.972 2482.552 2478.982 2480.729 2474.712 2475.896 2479.617 2474.244 2476.47 2464.148 2458.099 2453.177 2454.574 2453.609 2454.536 2450.4 2447.015 2442.212 2443.768 2446.896 2440.008 2447.061 2446.552 2441.959 2446.12 2446.984 2449.649 2443.085 2441.643
2538.515 2538.891 2541.753 2542.632 2541.533 2536.126 2537.679 2533.728 2535.333 2532.589 2534.465 2528.438 2524.18 2521.42 2521.669 2519.731 2517.817 2510.901 2513.675 2507.86 2512.485 2505.857 2506.933 2508.876 2513.262 2507.528 2503.938 2504.898 2504.276 2508.528 2500.673 2501.262 2498.709 2493.292 2489.146 2482.858 2483.649 2482.449 2477.989 2480.548 2479.772 2480.881 2477.151 2472.079 2471.02 2460.25 2457.935 2455.874 2457.825 2451.842 2451.52 2453.267 2452.871 2453.928 2453.339 2447.457 2446.292 2450.658 2446.342 2448.112 2446.803 2451.997 2448.608 2446.764
2544.118 2546.833 2547.463 2545.876 2548.305 2543.773 2541.299 2535.482 2539.209 2537.341 2531.917 2527.149 2522.05 2526.515 2522.178 2515.578 2516.124 2515.351 2516.07 2509.851 2510.205 2510.549 2510.568 2507.564 2514.345 2516.559 2513.382 2512.243 2508.56 2508.628 2505.33 2499.568 2495.672 2494.618 2492.871 2492.172 2489.756 2490.809 2488.631 2486.217 2483.221 2481.889 2480.146 2474.605 2478.061 2464.862 2458.561 2462.429 2459.531 2463.484 2458.467 2456.498 2454.966 2453.696 2458.252 2456.171 2448.345 2449.268 2451.948 2448.725 2446.562 2448.177 2447.175 2441.19
2550.339 2553.071 2554.748 2552.284 2548.617 2548.885 2547.366 2541.313 2538.808 2536.538 2532.936 2533.973 2531.975 2526.691 2528.071 2525.569 2522.434 2518.639 2515.772 2512.904 2512.637 2515.807 2513.989 2516.596 2515.943 2517.46 2521.648 2514.775 2515.723 2508.729 2504.586 2503.939 2501.495 2498.218 2494.462 2491.149 2496.176 2497.344 2491.91 2490.257 2491.026 2488.676 2488.606 2484.142 2480.678 2473.826 2468.218 2463.865 2464.126 2465.47 2461.314 2460.663 2464.263 2462.177 2458.373 2458.976 2454.779 2455.135 2449.142 2450.138 2449.53 2445.435 2448.162 2445.206
2559.932 2561.351 2560.405 2554.625 2556.638 2552.199 2547.774 2547.053 2543.113 2539.633 2537.027 2537.349 2535.952 2530.03 2530.975 2529.813 2525.369 2520.529 2521.926 2516.077 2518.09 2517.352 2523.171 2521.768 2527.522 2524.197 2521.744 2520.66 2516.268 2514.738 2506.664 2504.05 2505.258 2503.962 2497.885 2494.335 2495.873 2493.948 2490.206 2494.119 2492.155 2491.511 2487.569 2484.476 2476.648 2475.621 2472.665 2468.958 2467.522 2464.176 2461.932 2464.96 2464.078 2463.77 2466.25 2462.979 2459.288 2453.838 2446.868 2443.662 2443.307 2445.582 2444.34 2443.496
2563.736 2566.082 2566.454 2565.948 2561.662 2557.51 2549.795 2553.072 2545.246 2540.838 2541.73 2538.126 2538.939 2536.229 2534.633 2531.551 2526.729 2522.798 2522.314 2519.352 2521.077 2520.4 2525.903 2528.386 2529.984 2526.409 2524.481 2525.349 2517.114 2515.011 2513.823 2515.592 2507.502 2507.813 2506.18 2499.522 2506.701 2499.708 2500.624 2500.599 2497.153 2495.183 2487.938 2485.877 2482.786 2482.251 2473.252 2474.278 2469.406 2466.99 2464.785 2461.906 2460.105 2461.432 2459.748 2461.6 2454.931 2452.883 2447.664 2446.134 2447.959 2440.416 2443.801 2442.278
2571.664 2573.989 2571.286 2570.033 2562.791 2558.828 2555.994 2551.752 2549.2 2549.923 2546.759 2545.229 2538.739 2538.813 2531.829 2538.217 2529.216 2529.131 2525.605 2529.369 2527.055 2527.079 2533.484 2537.653 2533.323 2533.265 2531.3 2525.38 2524.181 2519.148 2521.952 2517.901 2517.294 2510.927 2512.927 2506.142 2510.8 2502.497 2502.24 2499.927 2496.505 2494.531 2494.749 2489.804 2494.364 2483.366 2481.11 2476.025 2467.522 2470.066 2467.237 2466.741 2462.456 2470.112 2462.288 2464.168 2461.976 2458.999 2454.169 2445.438 2445.141 2436.847 2440.72 2439.319
2577.584 2579.258 2570.719 2569.865 2569.973 2560.575 2558.505 2555.166 2555.208 2550.048 2550.654 2544.724 2539.164 2542.713 2540.177 2539.702 2536.696 2535.777 2530.507 2533.392 2534.51 2531.909 2539.205 2539.427 2537.629 2533.313 2528.125 2526.04 2522.379 2518.18 2516.343 2519.593 2522.358 2518.543 2511.118 2514.215 2508.596 2510.623 2504.247 2501.857 2495.846 2500.154 2495.976 2492.35 2488.9 2489 2485.841 2475.128 2470.514 2466.972 2462.04 2467.235 2469.052 2464.182 2461.246 2459.75 2461.555 2456.891 2451.704 2445.826 2442.592 2435.064 2433.847 2434.895
2581.564 2581.524 2574.924 2572.443 2569.279 2566.527 2564.888 2557.039 2554.786 2553.362 2548.14 2549.426 2545.53 2539.485 2547.091 2541.693 2539.274 2542.06 2536.404 2534.297 2536.104 2540.761 2543.211 2539.975 2538.209 2536.225 2526.982 2526.188 2521.064 2522.636 2518.054 2519.806 2525.917 2516.144 2512.997 2512.733 2512.54 2512.305 2506.21 2505.958 2503.334 2497.321 2498.314 2496.372 2496.09 2491.336 2487.216 2486.136 2479.44 2481.188 2477.755 2470.994 2469.793 2459.908 2458.365 2459.045 2454.668 2452.394 2451.211 2442.348 2435.848 2430.026 2430.191 2430.41
2584.015 2582.301 2578.78 2571.485 2570.37 2565.223 2565.346 2556.5 2555.436 2557.437 2553.644 2552.278 2546.317 2551.707 2546.536 2544.465 2546.739 2546.884 2545.736 2545.3 2544.153 2546.135 2545.413 2542.89 2536.729 2534.973 2536.339 2527.812 2523.439 2525.589 2525.131 2523.578 2522.589 2525.802 2520.573 2517.89 2521.283 2512.45 2509.54 2509.039 2508.669 2503.557 2501.638 2498.354 2503.365 2496.236 2494.398 2487.563 2487.616 2482.141 2478.885 2475.459 2472.277 2463.655 2459.461 2451.536 2453.1 2451.138 2444.08 2440.102 2434.477 2431.604 2427.354 2429.505
2583.41 2581.742 2578.581 2575.117 2565.34 2570.493 2567.439 2565.048 2563.26 2555.222 2558.503 2551.583 2553.064 2554.619 2549.892 2548.582 2549.963 2553.156 2547.024 2549.276 2550.048 2547.757 2552.37 2543.404 2539.606 2535.829 2535.065 2531.386 2531.704 2526.472 2527.207 2526.939 2525.636 2523.708 2523.829 2526.243 2520.247 2517.629 2512.95 2514.493 2512.105 2508.394 2510.978 2509.309 2512.925 2502.726 2498.196 2495.007 2489.223 2485.764 2475.515 2475.796 2466.049 2462.544 2458.112 2452.378 2448.557 2442.086 2445.15 2431.276 2433.301 2423.512 2424.58 2423.534
2580.736 2583.998 2580.708 2572.519 2577.301 2569.26 2562.078 2563.003 2558.675 2560.761 2558.74 2561.034 2556.11 2555.165 2557.017 2553.78 2554.76 2551.067 2551.443 2557.47 2557.475 2554.801 2548.425 2544.346 2540.162 2539.746 2539.479 2534.808 2536.28 2536.673 2532.914 2530.287 2530.873 2530.822 2525.565 2528.278 2527.219 2525.018 2524.246 2525.839 2527.824 2523.56 2517.696 2515.438 2510.338 2503.907 2503.013 2497.994 2493.044 2484.098 2478.05 2473.097 2469.888 2458.503 2456.383 2455.239 2449.323 2437.893 2438.051 2432.253 2422.676 2420.685 2416.867 2418.161
2582.164 2579.893 2579.374 2574.156 2577.81 2565.495 2566.285 2563.748 2562.507 2563.156 2563.356 2560.914 2562.052 2558.02 2557.881 2555.262 2557.231 2560.161 2559.945 2562.891 2561.37 2557.882 2552.185 2547.846 2547.709 2547.831 2540.81 2537.647 2538.977 2538.207 2540.247 2536.75 2529.886 2529.528 2533.602 2535.755 2532.342 2528.047 2530.357 2527.542 2522.272 2523.969 2518.654 2517.047 2510.476 2507.657 2498.672 2489.22 2487.59 2481.56 2473.641 2472.082 2472.754 2456.899 2453.397 2450.666 2442.219 2441.485 2438.907 2433.325 2420.767 2419.445 2415.309 2416.892
2584.194 2576.892 2578.618 2575.853 2563.569 2564.568 2564.647 2566.89 2566.532 2563.58 2566.528 2562.288 2560.633 2563.967 2561.785 2558.806 2557.404 2562.841 2563.887 2561.164 2557.865 2556.667 2552.276 2552.752 2555.246 2550.4 2550.179 2542.522 2541.416 2544.177 2540.168 2539.441 2536.192 2534.356 2537.132 2532.433 2534.417 2533.227 2531.804 2527.665 2526.408 2517.094 2520.943 2514.03 2505.112 2500.005 2496.365 2489.689 2484.308 2482.626 2478.771 2472.679 2465.022 2463.629 2459.32 2454.94 2446.378 2442.192 2436.615 2432.265 2421.115 2421.479 2414.369 2414.768
2575.694 2574.543 2570.565 2573.127 2567.01 2569.31 2568.964 2566.296 2564.213 2571.504 2570.348 2569.099 2565.533 2557.817 2562.727 2560.503 2567.975 2566.424 2564.23 2568.021 2565.672 2556.372 2552.957 2554.191 2551.96 2549.915 2550.019 2550.558 2546.885 2539.702 2542.272 2538.123 2538.869 2530.303 2537.853 2536.823 2539.566 2532.97 2529.796 2528.49 2519.751 2518.265 2518.332 2509.964 2503.786 2495.021 2494.287 2487.546 2482.531 2477.209 2471.983 2471.618 2466.283 2457.66 2457.718 2451.958 2443.425 2442.426 2439.138 2432.265 2431.624 2419.09 2414.815 2414.226
2576.596 2571.799 2573.534 2567.116 2569.652 2572.098 2568.663 2566.91 2563.348 2566.96 2569.193 2565.31 2565.513 2565.866 2563.14 2565.987 2568.824 2572.773 2566.903 2569.804 2563.478 2561.521 2563.536 2552.358 2553.505 2554.13 2551.593 2551.286 2552.12 2545.682 2542.009 2542.696 2539.126 2537.705 2541.249 2535.369 2531.071 2535.504 2524.522 2527.348 2521.884 2517.977 2512.231 2506.814 2502.375 2494.798 2490.129 2492.387 2480.714 2473.94 2472.912 2465.664 2460.986 2458.524 2449.293 2447.481 2442.87 2438.738 2435.668 2424.626 2422.105 2418.918 2416.357 2413.547
2575.781 2574.108 2573.71 2570.626 2565.673 2566.779 2574.195 2567.681 2571.005 2566.783 2564.038 2568.267 2570.521 2567.22 2565.631 2567.337 2571.658 2574.995 2576.683 2573.372 2567.987 2572.568 2567.305 2557.297 2562.234 2557.64 2553.104 2556.344 2551.217 2546.878 2548.965 2547.241 2538.703 2534.994 2538.022 2531.077 2533.143 2531.302 2528.97 2526.087 2520.651 2518.761 2505.059 2504.391 2499.023 2495.52 2492.587 2481.594 2479.893 2473.941 2472.019 2466.258 2454.078 2460.551 2451.746 2443.047 2442.288 2439.443 2432.339 2424.918 2421.308 2416.943 2413.844 2408.619
2576.141 2571.703 2570.611 2574.668 2573.086 2568.575 2570.588 2566.546 2571.65 2572.612 2569.372 2571.02 2569.656 2568.722 2573.313 2571.444 2572.663 2574.745 2575.419 2578.057 2575.335 2570.985 2567.765 2566.325 2558.623 2558.196 2559.789 2560.317 2552.373 2547.218 2546.93 2543.415 2547.881 2542.157 2541.52 2535.991 2532.834 2529.199 2522.85 2524.12 2522.932 2520.669 2510.845 2502.967 2494.36 2492.421 2483.85 2481.21 2476.871 2475.078 2471.304 2462.593 2452.252 2442.769 2438.074 2432.581 2432.159 2423.085 2423.432 2418.308 2420.097 2415.486 2409.822 2408.338
