orthofoto/dem_10m_noise.txt
ncols         150
nrows         349
xllcorner     648495
yllcorner     5250615
cellsize      10
NODATA_value  -9999
[rows 116 to 144 of 349, columns 64 to 127 of 150]
2589.396 2598.379 2602.754 2601.419 2601.138 2605.196 2594.527 2597.634 2595.1 2600.748 2600.616 2603.903 2605.365 2594.166 2593.657 2590.292 2593.964 2590.246 2588.451 2583.806 2585.568 2581.799 2584.954 2585.018 2576.25 2577.222 2567.674 2572.227 2566.56 2565.073 2560.155 2558.048 2550.354 2551.226 2547.984 2539.196 2542.412 2541.904 2540.023 2534.04 2530.957 2529.343 2522.853 2517.429 2515.308 2508.095 2507.668 2500.492 2499.77 2493.452 2485.863 2479.829 2481.589 2467.995 2469.103 2466.627 2459.53 2459.294 2457.172 2454.28 2451.406 2447.146 2446.766 2444.846
2594.591 2600.158 2602.692 2604.372 2606.907 2605.138 2598.967 2602.081 2597.865 2598.228 2599.723 2598.762 2602.153 2597.721 2596.257 2590.749 2591.532 2584.829 2587.201 2586.935 2582.012 2588.56 2579.46 2576.436 2574.632 2566.667 2568.637 2564.857 2559.105 2560.252 2552.937 2553.877 2550.19 2546.21 2542.215 2542.035 2534.872 2533.484 2530.591 2530.45 2520.713 2520.509 2516.579 2518.378 2508.986 2509.858 2505.769 2501.215 2494.281 2491.887 2485.348 2485.282 2477.945 2469.162 2467.962 2461.403 2463.254 2457.441 2457.974 2452.688 2452.325 2449.638 2446.18 2443.801
2601.962 2600.914 2603.635 2605.96 2603.999 2608.32 2603.384 2600.803 2595.99 2596.006 2598.313 2602.273 2598.825 2595.219 2596.096 2586.632 2585.246 2589.303 2581.695 2583.297 2583.686 2578.771 2576.609 2571.455 2563.618 2567.187 2559.088 2557.557 2558.598 2550.487 2546.591 2542.101 2541.567 2539.978 2536.191 2532.323 2531.084 2530.243 2523.297 2521.814 2520.549 2516.769 2515.937 2512.279 2507.551 2502.006 2501.703 2497.425 2494.203 2489.43 2485.609 2478.058 2477.26 2473.793 2462.958 2463.726 2460.523 2455.081 2458.472 2453.666 2453.109 2449.334 2447.86 2444.816
2602.605 2603.115 2603.135 2602.344 2602.574 2601.67 2604.092 2596.949 2597.64 2596.176 2594.711 2596.157 2594.527 2589.872 2587.275 2589.13 2591.066 2586.189 2586.153 2580.804 2572.74 2573.556 2568.325 2565.607 2563.469 2562.371 2556.741 2555.322 2549.058 2544.563 2542.523 2541.396 2535.499 2531.769 2526.128 2525.989 2523.116 2523.714 2516.678 2513.693 2514.893 2513.038 2507.687 2502.294 2500.112 2495.421 2497.512 2491.377 2489.904 2484.333 2480.91 2478.968 2478.911 2472.829 2461.651 2464.006 2457.628 2455.783 2457.451 2452.177 2454.549 2447.437 2446.984 2444.824
2599.345 2600.125 2599.501 2601.327 2599.057 2599.537 2598.452 2604.379 2600.686 2600.786 2596.985 2591.899 2587.923 2586.555 2585.17 2581.686 2583.642 2579.892 2575.819 2579.916 2573.212 2563.805 2560.601 2559.419 2552.412 2558.423 2550.118 2545.499 2544.832 2542.151 2537.499 2536.001 2529.731 2525.69 2531.605 2520.43 2519.299 2519.003 2518.933 2507.898 2508.343 2508.279 2504.063 2501.117 2500.036 2494.361 2492.194 2486.421 2485.092 2485.54 2481.779 2477.073 2481.376 2469.297 2465.555 2468.959 2462.233 2453.812 2457.207 2455.093 2449.59 2446.29 2443.556 2447.536
2601.959 2600.023 2598.495 2596.674 2602.509 2599.523 2602.143 2593.822 2595.502 2593.977 2587.153 2588.907 2587.875 2584.884 2580.895 2579.283 2578.233 2577.36 2576.749 2563.509 2568.23 2561.273 2561.33 2552.729 2556.023 2551.342 2546.014 2542.966 2538.433 2538.675 2529.451 2527.319 2528.938 2522.448 2519.972 2515.44 2512.702 2512.186 2511.992 2504.804 2505.713 2501.259 2504.052 2496.321 2494.523 2489.966 2489.202 2481.959 2484.239 2480.448 2477.98 2473.543 2474.216 2472.348 2467.8 2460.804 2458.122 2464.006 2449.95 2450.615 2449.521 2448.152 2441.993 2439.443
2592.571 2601.14 2594.267 2596.323 2596.489 2598.356 2593.449 2596.892 2590.811 2589.024 2582.864 2585.567 2582.645 2577.791 2572.607 2577.739 2570.528 2571.034 2566.273 2564.596 2559.806 2556.472 2553.421 2549.349 2545.015 2542.395 2541.352 2533.572 2527.947 2524.468 2529.769 2523.234 2517.307 2515.367 2513.667 2512.448 2510.06 2508.052 2500.128 2502.956 2492.745 2497.375 2496.277 2489.048 2488.058 2485.037 2485.443 2478.689 2481.448 2476.032 2475.271 2475.086 2470.393 2472.127 2460.833 2463.901 2458.566 2459.068 2453.987 2450.174 2450.301 2443.711 2441.053 2438.069
2599.647 2594.249 2596.099 2592.215 2595.539 2591.965 2590.731 2589.952 2585.396 2588.435 2585.094 2583.279 2575.65 2575.638 2576.298 2573.23 2568.758 2569.608 2560.874 2556.753 2556.823 2551.413 2547.653 2539.753 2540.188 2535.382 2535.509 2529.058 2525.889 2524.24 2525.026 2519.988 2514.789 2515.542 2506.848 2507.346 2503.04 2504.468 2503.136 2495.119 2496.452 2494.887 2488.215 2488.97 2486.545 2485.128 2478.294 2480.534 2474.995 2472.744 2468.368 2473.785 2469.584 2466.539 2466.439 2460.482 2458.403 2460.497 2457.533 2450.857 2449.546 2446.518 2439.217 2439.735
2598.076 2593.762 2595.858 2592.212 2595.094 2590.243 2588.232 2587.446 2585.049 2582.031 2580.159 2577.32 2573.801 2572.98 2567.24 2561.62 2565.287 2562.422 2554.576 2553.73 2552.124 2547.578 2546.277 2539.642 2537.025 2531.668 2525.694 2524.761 2522.955 2518.696 2514.642 2513.292 2510.683 2512.543 2505.825 2505.997 2502.925 2499.974 2493.451 2491.765 2489.613 2493.587 2484.834 2485.672 2484.022 2480.028 2478.263 2477.541 2473.825 2472.389 2466.771 2466.267 2464.452 2463.335 2461.463 2460.343 2456.912 2458.078 2452.444 2451.088 2448.064 2445.614 2439.507 2434.995
2598.426 2598.722 2596.198 2594.914 2590.542 2588.23 2586.121 2585.813 2583.902 2580.831 2576.208 2574.031 2571.27 2569.997 2566.268 2568.413 2559.732 2558.164 2553.352 2544.883 2546.207 2543.892 2535.706 2528.774 2535.258 2528.386 2526.289 2524.685 2515.391 2515.578 2510.62 2509.34 2508.915 2506.647 2500.74 2494.916 2497.142 2494.302 2493.149 2494.327 2490.438 2484.983 2479.801 2484.001 2478.91 2479.244 2473.006 2471.792 2469.148 2467.022 2467.576 2463.375 2464.529 2468.535 2461.894 2461.63 2461.695 2455.249 2451.969 2452.866 2445.313 2446.559 2440.868 2437.316
2596.853 2599.281 2596.204 2594.037 2589.958 2586.424 2583.535 2580 2579.535 2574.547 2572.494 2569.591 2566.366 2562.807 2556.79 2558.154 2556.632 2545.333 2552.161 2544.962 2539.024 2537.616 2530.799 2528.614 2525.52 2520.296 2520.306 2518.416 2515.36 2510.502 2508.809 2503.586 2505.632 2501.323 2501.124 2496.378 2497.935 2497.158 2488.822 2491.934 2486.458 2480.711 2477.636 2475.214 2474.386 2474.567 2476.017 2466.727 2465.385 2469.084 2466.606 2460.893 2462.076 2460.258 2460.072 2458.462 2455.331 2457.762 2453.355 2451.461 2446.371 2445.26 2442.011 2434.42
2597.756 2590.241 2590.529 2587.752 2586.442 2579.896 2583.241 2576.625 2573.319 2570.835 2568.116 2568.743 2563.061 2563.309 2556.399 2555.892 2547.209 2545.518 2548.939 2542.539 2536.596 2531.067 2528.375 2525.245 2526.737 2522.912 2515.077 2508.809 2508.007 2506.485 2504.448 2502.126 2501.347 2493.947 2493.263 2492.114 2492.083 2491.994 2490.15 2491.535 2485.7 2478.018 2480.09 2478.551 2475.65 2475.601 2472.59 2471.575 2469.772 2468.249 2470.451 2468.678 2461.446 2463.693 2461.077 2455.094 2459.774 2454.809 2451.979 2446.166 2447.354 2440.573 2441.395 2434.175
2592.787 2590.164 2584.958 2589.813 2583.863 2582.395 2575.838 2570.491 2570.681 2570.27 2565.073 2562.061 2560.979 2560.703 2556.044 2549.667 2545.898 2546.221 2538.195 2537.059 2528.792 2526.485 2522.895 2519.43 2520.405 2513.251 2509.996 2506.387 2504.243 2503.673 2504.628 2494.852 2497.376 2498.73 2493.771 2492.714 2487.414 2489.923 2482.758 2486.902 2481.915 2481.019 2485.387 2481.284 2474.569 2480.235 2475.753 2477.963 2472.297 2472.142 2473.831 2470.287 2469.527 2466.571 2464.799 2462.067 2459.738 2454.687 2450.991 2442.486 2440.565 2438.017 2434.53 2425.507
2593.223 2587.396 2584.353 2582.554 2577.842 2575.784 2576.066 2572.513 2567.081 2564.101 2555.309 2558.456 2560.147 2553.417 2552.548 2546.842 2544.857 2539.552 2537.637 2533.411 2525.002 2523.208 2521.942 2513.132 2510.012 2506.479 2506.583 2503.356 2501.041 2499.734 2499.432 2497.278 2494.054 2492.186 2491.89 2493.112 2488.304 2491.8 2485.531 2486.293 2485.876 2484.433 2484.122 2479.556 2477.018 2482.743 2484.075 2480.102 2480.572 2478.681 2477.449 2472.664 2471.505 2466.52 2470.191 2466.227 2460.629 2459.263 2449.912 2445.432 2449.007 2440.578 2444.205 2435.425
2588.039 2582.489 2587.047 2579.879 2574.873 2575.105 2571.389 2565.6 2565.378 2559.464 2557.284 2553.019 2548.614 2550.19 2543.973 2540.387 2539.317 2540.722 2532.107 2525.992 2525.05 2519.395 2517.13 2511.042 2508.888 2505.657 2505.545 2503.282 2497.758 2500.074 2496.473 2494.483 2491.75 2497.223 2494.271 2493.371 2488.353 2488.341 2491.31 2487.882 2483.787 2489.919 2489.243 2487.199 2484.913 2487.508 2487.323 2483.651 2476.831 2478.69 2476.33 2471 2468.82 2466.442 2468.485 2473.144 2458.556 2458.074 2455.702 2451.765 2447.047 2441.448 2440.689 2437.608
2593.735 2584.285 2581.875 2575.518 2572.51 2568.668 2569.789 2562.709 2564.304 2556.819 2549.429 2549.983 2546.55 2548.314 2538.504 2539.187 2538.695 2533.694 2527.514 2526.719 2522.108 2519.654 2515.183 2505.736 2507.247 2504.364 2496.665 2501.64 2500.057 2499.221 2494.027 2498.976 2499.533 2493.233 2495.391 2494.866 2490.404 2488.879 2486.437 2487.625 2489.256 2491.538 2490.257 2490.38 2490.833 2487.765 2479.623 2484.818 2479.304 2481.083 2475.841 2468.527 2470.325 2465.07 2464.567 2456.155 2458.209 2454.171 2454.781 2446.38 2445.09 2444.5 2436.615 2434.278
2589.339 2583.49 2581.086 2571.891 2572.289 2571.248 2564.037 2564.274 2556.013 2559.07 2552.449 2550.319 2541.271 2537.054 2534.722 2535.697 2531.132 2533.54 2527.509 2523.679 2511.777 2514.174 2512.002 2514.519 2509.168 2505.4 2504.377 2501.285 2498.297 2501.769 2497.48 2495.521 2496.818 2498.531 2494.892 2493.897 2490.924 2489.754 2489.51 2489.056 2491.201 2491.069 2493.761 2486.667 2489.51 2485.736 2484.277 2483.969 2481.244 2477.274 2472.324 2468.231 2468.809 2463.375 2465.747 2459.303 2457.475 2452.495 2451.213 2451.6 2444.195 2440.574 2440.92 2434.592
2594.365 2586.024 2587.641 2574.75 2570.871 2565.133 2567.519 2561.131 2561.263 2555.763 2550.371 2550.35 2543.481 2537.514 2536.904 2536.853 2533.79 2527.722 2525.426 2520.983 2521.01 2516.088 2512.121 2509.385 2508.844 2506.838 2506.896 2505.656 2502.6 2501.531 2494.976 2497.876 2496.213 2495.901 2494.934 2490.667 2492.712 2494.591 2494.75 2490.805 2489.085 2488.028 2487.408 2487.66 2484.156 2484.549 2487.076 2480.321 2477.536 2474.019 2473.446 2471.443 2469.028 2470.968 2465.957 2459.759 2460.855 2456.069 2449.404 2447.453 2446.091 2439.999 2440.541 2430.302
2593.215 2592.156 2589.839 2577.448 2570.551 2566.456 2560.369 2565.74 2558.583 2556.08 2550.391 2541.512 2542.258 2533.706 2535.486 2534.661 2530.812 2524.212 2525.515 2525.146 2520.192 2517.385 2513.532 2516.04 2511.274 2504.198 2505.998 2503.196 2502.51 2503.622 2499.216 2497.324 2494.594 2493.767 2495.516 2493.818 2497.334 2496.912 2490.904 2490.516 2489.536 2486.543 2485.757 2485.168 2486.732 2480.187 2480.14 2478.979 2475.115 2479.918 2475.272 2475.943 2473.122 2471.195 2466.95 2465.207 2459.338 2458.841 2455.113 2453.207 2449.757 2439.854 2435.06 2430.875
2593.502 2590.834 2582.622 2580.381 2576.186 2571.373 2568.582 2564.723 2565.801 2560.327 2545.513 2553.564 2543.265 2534.416 2534.983 2533.428 2533.69 2528.898 2527.893 2526.451 2521.937 2516.361 2515.875 2509.504 2512.098 2504.206 2506.115 2505.615 2505.051 2503.621 2498.861 2496.584 2500.224 2497.382 2494.82 2497.777 2499.317 2496.438 2493.341 2491.183 2491.892 2489.755 2488.012 2489.604 2489.939 2486.596 2479.385 2479.778 2481.907 2479.499 2475.304 2478.137 2474.289 2471.752 2470.548 2461.887 2461.79 2460.167 2452.421 2449.308 2449.373 2444.859 2439.865 2436.691
2597.631 2591.837 2585.139 2582.855 2576.886 2572.312 2568.146 2571.349 2564.649 2558.502 2557.626 2553.093 2547.573 2540.505 2537.963 2534.789 2536.927 2535.849 2532.175 2525.977 2522.065 2515.538 2515.108 2512.491 2509.304 2508.91 2509.779 2510.663 2503.331 2505.426 2501.558 2500.712 2499.375 2502.013 2497.174 2500.26 2496.218 2498.426 2499.069 2493.711 2497.059 2494.13 2490.505 2488.994 2486.466 2489.089 2484.81 2477.007 2480.778 2476.522 2477.957 2480.801 2476.516 2474.734 2470.528 2465.546 2462.481 2455.229 2452.21 2446.855 2444.021 2439.013 2437.667 2434.188
2599.455 2594.008 2587.23 2581.384 2580.075 2576.691 2569.549 2572.164 2565.661 2565.953 2559.891 2557.727 2553.39 2547.528 2540.58 2538.282 2536.797 2535.247 2532.822 2526.719 2523.622 2523.659 2522.68 2515.068 2513.986 2510.754 2516.406 2511.02 2509.384 2509.432 2508.612 2504.407 2500.696 2501.002 2500.438 2503.278 2505.481 2505.592 2503.808 2501.38 2501.296 2499.272 2497.49 2495.28 2491.616 2483.686 2482.456 2480.503 2481.542 2481.037 2481.846 2477.475 2477.173 2472.736 2467.556 2463.039 2463.129 2456.397 2454.605 2451.212 2446.802 2440.675 2437.07 2433.165
2597.852 2593.881 2590.594 2581.586 2582.104 2577.194 2573.703 2571.048 2568.806 2564.651 2564.533 2561.025 2556.328 2551.049 2548.099 2545.531 2541.695 2537.453 2534.857 2528.23 2527.088 2522.249 2525.609 2522.743 2525.043 2521.288 2518.104 2515.791 2510.487 2510.25 2507.233 2504.46 2504.343 2507.832 2508.494 2511.464 2506.786 2503.125 2508.817 2506.389 2504.63 2507.859 2504.594 2503.488 2495.428 2489.93 2489.845 2486.542 2483.752 2483.881 2479.628 2476.703 2472.202 2470.998 2468.57 2464.765 2458.608 2450.722 2455.269 2455.592 2449.462 2443.184 2442.035 2439.047
2598.69 2598.015 2587.402 2579.449 2587.417 2580.421 2576.174 2572.037 2573.04 2570.894 2565.854 2566.482 2563.364 2560.921 2555.665 2553.572 2548.395 2538.821 2536.292 2528.535 2533.927 2532.152 2528.367 2523.705 2521.119 2519.428 2519.4 2514.334 2516.231 2514.165 2511.011 2510.766 2510.755 2511.944 2513.548 2508.789 2507.271 2506.37 2507.248 2510.682 2507.782 2506.163 2501.473 2502.116 2500.801 2500.835 2493.364 2491.806 2485.809 2480.529 2478.13 2472.745 2476.756 2466.888 2463.668 2457.133 2457.325 2459.001 2452.534 2447.55 2447.594 2439.583 2445.09 2439.232
2593.939 2595.025 2588.475 2582.319 2581.144 2579.128 2577.875 2573.106 2571.329 2572.729 2563.017 2563.566 2559.016 2559.306 2556.551 2551.756 2552.041 2547.923 2541.851 2542.217 2533.772 2531.973 2526.052 2526.905 2526.511 2522.438 2519.521 2516.174 2514.426 2512.872 2509.47 2510.365 2510.934 2515.8 2509.765 2511.71 2508.425 2509.871 2514.409 2511.439 2511.985 2510.405 2504.506 2510.649 2501.944 2500.846 2491.634 2486.959 2483.098 2481.14 2475.09 2468.873 2469.842 2466.844 2463.066 2461.43 2458.216 2454.232 2447.181 2443.657 2441.127 2442.105 2441.552 2433.753
2595.405 2591.78 2591.502 2586.649 2581.002 2578.622 2576.826 2573.5 2567.809 2566.795 2564.74 2564.912 2556.902 2555.98 2555.178 2549.855 2552.007 2542.24 2539.55 2539.941 2531.199 2531.045 2525.277 2527.408 2525.017 2522.536 2517.62 2515.223 2513.368 2517.45 2516.072 2519.45 2518.115 2518.938 2515.994 2510.552 2510.269 2511.393 2513.609 2513.892 2507.51 2510.904 2507.091 2501.41 2500.052 2491.879 2488.368 2479.094 2478.504 2479.125 2474.197 2469.73 2464.818 2460.122 2460.694 2450.766 2452.954 2454.632 2443.996 2441.108 2440.159 2435.755 2438.764 2432.974
2592.885 2591.864 2587.91 2583.626 2581.503 2579.925 2581.67 2579.801 2570.339 2567.58 2567.281 2563.582 2559.723 2558.541 2553.199 2550.033 2551.553 2544.691 2540.923 2533.239 2535.059 2531.462 2530.59 2529.812 2527.335 2522.697 2521.266 2524.445 2520.556 2517.076 2521.434 2519.153 2519.124 2520.136 2517.993 2510.029 2512.4 2511.977 2513.951 2511.1 2507.909 2504.91 2498.37 2498.237 2491.496 2490.317 2486.11 2482.885 2477.013 2474.875 2473.73 2467.179 2466.445 2467.773 2459.134 2455.523 2450.059 2444.589 2443.128 2439.94 2441.944 2440.072 2433.366 2432.195
2593.958 2587.719 2588.148 2584.097 2585.46 2579.986 2583.678 2579.482 2578.506 2576.144 2570.971 2569.276 2560.87 2559.395 2553.203 2553.923 2551.224 2547.261 2540.537 2537.5 2536.694 2532.861 2532.274 2531.096 2528.477 2528.274 2526.144 2527.526 2522.792 2524.772 2521.489 2519.063 2521.96 2520.582 2515.452 2514.896 2510.431 2508.532 2510.356 2509.165 2504.36 2501.109 2498.741 2493.122 2489.566 2486.229 2479.366 2477.7 2472.752 2472.246 2472.881 2471.724 2466.668 2469.452 2461.342 2460.25 2451.984 2453.771 2442.134 2445.916 2438.919 2438.053 2438.479 2437.642
2592.148 2593.396 2592.626 2586.94 2583.453 2587.135 2583.648 2579.861 2572.744 2576.068 2575.096 2567.499 2566.84 2557.965 2555.439 2555.617 2552.311 2551.222 2542.785 2540.954 2535.73 2537.495 2531.172 2530.331 2531.226 2531.753 2530.173 2538.35 2526.303 2526.586 2523.293 2519.968 2524.405 2519.794 2511.681 2509.697 2506.443 2507.705 2505.244 2500.944 2498.568 2498.303 2492.303 2491.429 2484.26 2482.713 2473.817 2476.384 2471.479 2472.295 2472.222 2473.309 2469.627 2462.769 2460.005 2457.921 2456.558 2453.986 2451.091 2446.216 2450.707 2441.871 2440.512 2433.931
