algorithm_improvement_tests/test.asc
ncols	1131.0
nrows	985.0
xllcorner	205792.5
yllcorner	330852.5
cellsize	5.0
nodata_value	-9999.0
[rows 765 to 809 of 985, columns 672 to 767 of 1131]
84 80 81 83 90 95 100 99 96 93 87 88 89 91 92 94 96 99 101 107 114 126 137 149 158 166 173 179 182 186 184 184 184 185 189 196 198 207 207 209 211 212 212 212 209 200 173 129 68 23 6 23 42 60 78 91 108 124 135 144 144 148 153 163 175 187 195 199 201 194 185 180 178 184 197 204 214 213 205 201 192 189 193 195 200 203 205 204 203 205 200 200 187 174 169 163
86 78 81 80 89 96 103 112 106 104 98 89 93 93 93 94 95 96 99 99 108 113 127 138 149 157 166 174 177 183 181 180 182 181 189 196 200 207 207 206 210 212 212 213 210 212 187 161 98 18 17 1 27 46 64 83 101 124 134 153 147 147 154 153 172 181 193 200 200 204 190 179 177 169 187 196 209 224 212 206 199 183 194 197 202 206 207 207 205 205 199 203 185 158 161 140
89 82 81 82 89 95 104 110 115 113 110 104 97 97 95 96 95 96 96 98 101 109 117 128 139 149 157 166 171 175 176 177 177 179 183 191 197 203 207 207 208 210 210 211 212 209 200 175 121 65 14 6 13 31 45 67 86 108 128 141 147 148 157 161 176 186 197 202 202 201 191 183 174 172 177 190 202 214 214 209 205 197 198 201 205 208 212 211 207 205 191 192 181 162 158 151
94 79 81 78 87 94 103 113 116 123 117 115 108 101 100 97 97 95 96 95 99 100 111 118 130 141 150 161 166 173 174 175 176 177 183 188 195 202 205 208 209 211 211 210 212 214 206 206 156 93 49 -14 11 23 37 55 74 91 114 138 138 138 151 153 173 184 194 206 203 209 196 186 177 164 174 180 199 217 212 211 207 198 203 203 207 208 211 213 208 211 196 187 175 148 155 145
99 87 81 80 85 93 102 111 118 123 124 122 118 112 106 103 100 98 96 96 96 99 104 113 121 132 141 152 159 166 170 172 174 176 179 185 192 198 204 206 209 210 211 211 213 213 210 202 182 134 85 31 11 16 25 41 64 81 104 121 134 137 153 159 177 187 192 200 199 202 200 191 178 170 166 174 193 205 213 212 211 206 211 210 213 212 212 211 206 205 195 183 174 155 157 154
108 86 84 76 85 89 101 111 118 127 128 130 124 120 113 107 104 101 99 95 97 96 102 107 116 125 135 145 153 161 165 171 171 173 176 179 188 195 200 205 206 209 209 210 211 212 210 210 187 162 104 36 23 4 16 22 46 62 85 107 116 120 141 153 172 192 193 204 201 203 200 199 185 170 167 149 181 197 204 214 209 204 211 213 214 212 209 212 204 208 193 171 165 141 154 158
116 98 86 80 85 90 99 109 117 125 132 134 131 127 120 114 109 106 102 99 96 98 98 105 110 120 128 138 146 154 160 165 168 171 172 177 185 192 199 203 204 206 207 208 210 211 211 208 196 173 118 69 25 10 8 16 35 54 73 93 103 115 130 147 161 180 185 195 199 201 201 198 188 178 169 166 172 189 196 205 206 206 210 214 218 215 195 206 190 199 191 174 163 149 152 156
129 101 92 73 83 87 98 108 116 124 132 142 138 137 129 120 116 111 107 105 102 99 102 102 110 115 124 132 140 148 154 161 164 169 169 167 180 187 196 204 203 204 205 204 207 210 210 213 202 200 148 81 47 -3 5 -2 24 43 64 87 96 102 124 141 158 182 184 192 196 199 200 206 193 182 177 160 177 183 193 202 203 202 210 214 220 226 217 215 206 196 188 166 161 138 151 154
140 118 98 85 82 86 95 105 116 124 133 140 144 142 137 130 121 116 111 109 106 105 105 106 110 115 120 128 133 141 147 154 160 163 167 168 175 183 192 200 202 203 203 203 204 207 209 209 206 195 171 118 70 24 4 0 14 34 56 77 89 101 113 133 144 166 178 186 193 196 198 199 197 188 187 178 185 189 189 197 197 201 206 212 221 224 228 221 218 204 192 174 161 149 148 155
152 130 111 85 87 80 93 102 112 121 131 142 144 150 143 140 130 121 118 113 112 108 110 108 112 114 119 125 130 136 142 147 154 159 161 163 172 178 189 200 201 204 203 202 203 203 206 210 205 206 175 138 84 25 10 -14 10 25 51 80 89 99 115 132 142 158 169 180 188 195 194 193 192 187 186 180 189 199 196 199 201 199 207 206 214 223 220 221 214 206 193 175 166 147 154 153
163 145 124 104 91 87 91 100 109 119 129 139 146 149 146 143 137 129 123 118 117 114 116 115 115 118 117 123 126 132 138 144 148 154 155 160 167 175 187 195 200 202 203 202 202 203 201 206 205 202 185 154 91 45 7 -6 4 20 45 69 87 101 112 127 134 149 160 171 183 190 194 194 189 187 184 185 185 195 200 202 207 206 210 211 201 216 210 216 212 205 197 181 171 158 155 158
169 160 138 112 102 83 93 97 107 116 127 138 145 155 149 147 141 135 128 119 120 117 119 121 121 123 121 122 126 128 135 140 145 153 154 153 163 166 182 195 198 203 203 203 203 206 204 203 205 209 193 184 122 49 21 -26 0 11 39 71 85 105 115 130 133 137 151 158 173 186 189 197 192 189 189 190 193 195 202 203 207 207 213 218 215 219 215 212 209 201 195 183 173 161 161 150
175 165 150 130 113 99 96 99 106 115 123 134 144 151 149 148 145 139 133 126 123 121 123 124 126 126 124 124 126 128 132 137 141 147 154 155 161 167 177 188 195 200 202 203 203 204 207 205 207 205 201 184 146 85 35 -1 -3 8 30 57 82 101 116 128 132 138 143 153 164 176 184 190 192 189 191 190 197 200 211 211 209 211 213 218 221 220 218 212 209 200 196 184 174 164 163 163
178 175 159 143 126 102 104 98 107 114 122 129 142 159 152 150 148 145 138 129 126 120 124 127 128 133 127 124 126 127 131 136 139 139 148 152 157 160 172 184 191 199 200 203 203 201 204 204 205 207 201 203 159 103 51 -15 -1 -2 23 50 74 102 114 132 132 134 140 142 157 168 177 187 186 188 188 186 194 194 209 220 213 211 215 219 219 219 212 206 201 194 189 187 175 163 164 148
181 175 168 155 137 121 111 107 107 114 120 129 138 150 154 153 150 147 144 137 129 125 124 126 130 131 129 127 128 129 131 135 138 140 147 152 152 159 163 175 186 193 199 201 204 203 201 203 201 204 200 195 176 131 66 16 -7 -4 12 37 66 91 112 126 134 136 138 142 150 161 171 179 182 184 187 187 194 199 211 217 214 214 216 218 225 219 207 203 192 188 179 177 172 163 166 166
181 177 172 172 151 129 123 110 114 115 122 127 138 149 153 159 154 150 149 147 137 126 127 124 129 136 130 125 128 129 131 133 137 135 146 156 155 156 162 165 179 190 195 199 201 205 203 205 204 204 201 200 181 166 94 14 6 -19 6 22 52 84 102 126 130 139 137 135 146 153 165 176 178 178 181 181 191 193 211 225 218 212 217 212 215 222 211 202 196 185 180 171 168 159 165 153
181 179 173 169 162 147 134 124 119 120 122 129 136 145 152 156 159 156 154 150 145 137 129 128 127 131 129 128 129 130 133 134 139 140 143 151 156 158 158 165 172 183 192 196 198 201 202 203 205 205 204 200 190 168 114 53 13 -5 2 18 38 67 93 114 127 135 137 138 142 150 161 170 175 178 176 179 183 194 208 219 218 218 222 217 192 212 205 202 195 188 179 172 166 161 165 169
183 183 177 170 166 162 147 132 129 123 127 127 136 143 149 155 158 160 157 156 150 146 137 127 130 132 129 125 129 131 133 133 138 142 146 150 155 162 161 159 170 175 187 198 197 201 201 201 203 204 203 203 194 195 137 63 30 -20 2 12 31 51 81 110 120 136 136 137 142 142 158 169 175 182 179 179 185 184 209 227 223 216 225 228 218 217 212 202 200 190 183 171 168 156 166 164
184 183 180 175 170 164 154 143 138 133 133 133 140 145 149 154 158 161 158 157 156 151 143 135 131 131 128 127 129 131 135 137 138 143 145 150 154 159 163 164 168 175 179 190 193 198 202 202 204 204 202 202 195 187 161 104 42 5 2 9 22 43 70 95 112 126 133 137 138 144 155 167 174 180 179 180 182 190 206 221 230 227 227 229 227 222 219 208 208 198 189 179 173 165 163 171
182 184 181 179 174 174 161 148 145 136 137 132 139 146 149 154 159 166 162 158 158 159 147 136 134 133 130 125 130 131 136 141 142 145 148 150 155 159 162 165 170 177 182 189 192 194 199 202 203 207 204 205 199 196 168 140 69 -11 6 7 16 25 58 91 104 124 129 141 140 138 156 167 175 185 182 182 185 178 205 219 227 231 230 233 227 223 215 197 203 207 194 182 178 173 172 163
181 181 181 180 174 170 167 157 153 146 145 142 139 144 148 153 159 164 168 165 161 159 149 142 134 131 131 129 131 134 138 142 142 145 150 153 156 159 163 166 171 176 182 187 193 195 199 201 202 204 204 204 205 198 183 152 87 30 9 6 9 22 43 71 96 113 123 132 140 143 160 169 177 183 183 182 187 189 203 216 228 232 232 233 230 224 216 204 198 198 197 189 182 178 177 178
183 176 181 185 176 168 166 163 158 152 151 150 146 141 147 149 157 163 167 173 166 167 155 146 138 129 132 130 134 133 140 148 145 142 150 155 157 159 162 165 170 174 179 184 190 194 197 201 202 205 202 199 202 205 190 188 115 21 24 6 8 5 32 57 82 112 116 124 133 131 154 171 174 185 181 178 184 184 202 212 228 236 235 236 228 224 216 201 199 192 194 198 188 183 183 167
184 180 180 181 177 171 166 163 164 160 156 155 151 148 148 151 154 160 166 170 168 166 159 151 140 134 135 135 138 139 140 145 148 148 151 155 159 161 161 165 169 173 177 182 189 193 194 198 200 202 202 201 202 202 195 181 141 75 35 16 8 9 16 40 70 94 112 120 132 137 153 166 171 177 179 178 182 186 197 211 228 236 239 236 220 222 215 206 194 192 187 190 187 185 196 195
185 180 181 184 178 173 168 157 165 170 163 160 156 152 152 150 156 159 166 175 170 171 163 157 145 128 137 137 141 145 143 144 147 149 153 155 160 166 164 161 167 170 175 177 186 195 194 196 197 201 200 199 202 205 198 201 154 87 56 16 14 5 12 13 53 87 99 112 124 129 148 168 167 174 174 175 181 185 196 199 225 238 241 243 235 218 219 212 203 191 192 187 187 170 198 209
185 181 182 182 180 175 170 165 165 168 167 164 161 158 154 154 156 160 164 171 171 170 166 159 151 140 142 142 145 147 145 146 148 150 154 157 162 166 167 166 164 168 173 177 182 190 192 195 194 196 201 200 202 203 201 194 173 126 63 31 19 10 4 14 41 69 93 109 118 130 139 156 162 167 166 169 176 182 193 204 222 235 244 244 240 230 221 212 204 196 199 196 194 191 207 213
183 176 181 184 180 179 172 164 168 172 169 170 166 164 161 155 159 160 166 173 170 170 166 163 153 137 144 143 147 154 148 143 147 148 153 156 162 168 168 171 168 165 172 177 183 190 193 195 193 188 195 199 201 204 201 203 180 163 95 16 23 17 7 -10 29 58 82 111 118 128 140 153 157 167 163 159 172 180 191 192 218 228 239 246 241 227 223 213 204 178 198 205 197 178 209 228
181 177 180 182 180 178 173 169 169 170 172 171 169 166 167 163 162 163 166 170 171 170 167 162 158 149 149 148 147 150 150 148 149 150 153 156 161 166 169 171 169 169 172 176 180 186 196 197 195 193 188 194 198 201 203 199 188 165 118 58 26 13 10 5 23 47 72 97 115 127 139 149 151 157 155 156 170 177 191 199 214 228 228 242 239 229 222 215 212 207 205 205 198 197 208 220
180 170 178 184 181 182 176 168 171 169 171 174 170 167 168 169 165 161 166 171 170 172 167 161 159 150 152 152 150 151 150 149 150 149 153 156 160 165 169 176 171 166 172 177 179 178 191 202 197 197 193 187 196 199 200 203 191 187 131 61 38 5 7 -6 19 38 64 92 108 126 136 152 150 156 150 134 161 172 185 196 214 230 234 244 235 212 221 212 216 217 211 217 206 186 213 230
180 175 177 179 181 180 178 173 175 174 170 171 169 168 169 170 168 166 164 167 170 171 170 166 163 159 152 152 148 149 150 150 150 151 152 155 158 163 167 171 174 172 172 175 180 182 188 196 197 197 194 192 196 199 198 200 194 181 147 93 40 13 10 4 13 33 55 80 101 120 128 142 145 149 149 146 156 168 173 190 205 222 232 237 232 228 227 225 215 214 204 205 208 205 215 223
176 171 174 177 179 183 178 170 176 183 175 172 171 167 171 173 170 169 166 162 168 172 171 169 168 167 160 157 152 145 151 154 153 154 154 154 158 161 165 169 172 175 173 172 178 180 189 199 197 200 196 188 196 201 200 200 195 196 156 114 59 -3 9 3 15 26 49 74 96 123 129 140 143 146 146 137 156 174 176 178 198 208 221 231 230 226 230 233 220 215 205 195 204 201 217 234
171 170 169 171 176 178 181 179 174 177 175 173 173 171 175 175 170 169 166 164 168 171 173 173 171 170 162 158 154 150 151 154 155 156 156 157 158 161 164 168 170 173 172 173 176 181 187 194 197 198 199 196 199 201 200 200 197 190 166 127 70 23 11 7 13 26 41 64 88 111 126 136 142 144 149 147 153 164 177 182 193 204 212 222 227 227 228 228 215 210 195 190 200 205 215 224
170 166 166 163 170 177 180 190 181 176 176 169 172 167 175 185 174 168 166 157 166 171 173 178 176 180 169 160 157 148 153 155 157 160 159 158 160 161 164 167 170 174 172 171 176 180 187 194 194 194 196 194 199 206 202 200 198 201 173 151 89 11 19 8 17 23 39 53 79 105 118 135 138 138 146 147 153 154 167 176 187 198 207 213 222 224 226 230 218 210 197 162 192 202 212 228
169 167 163 162 164 168 176 181 186 183 182 177 174 172 172 177 176 171 169 164 166 169 172 176 177 178 174 167 162 156 155 157 159 161 161 161 161 162 165 168 169 172 171 172 176 179 190 193 196 196 194 195 197 201 203 202 199 196 182 154 109 51 23 13 18 25 36 52 69 92 113 126 139 141 146 150 151 157 154 169 176 191 202 211 217 221 215 222 214 206 196 178 183 196 207 217
169 167 162 156 159 156 168 174 180 188 183 183 177 171 174 176 174 172 169 164 167 170 173 178 179 183 177 172 166 158 158 157 160 164 164 165 163 161 166 169 170 174 171 167 173 170 185 195 194 197 194 192 196 200 201 204 200 200 184 172 120 55 36 7 20 27 37 44 63 77 99 118 130 145 147 155 158 167 165 164 178 185 202 210 220 225 222 225 214 201 193 169 185 188 203 215
169 167 162 158 155 156 161 168 175 181 182 182 176 174 172 174 173 172 168 166 166 168 173 176 181 182 181 177 171 165 161 159 162 164 166 167 165 165 166 169 171 172 173 171 173 176 181 190 192 195 192 193 192 196 200 202 200 198 190 172 135 85 37 17 22 27 38 48 58 74 88 108 118 134 143 152 158 164 170 171 178 187 202 212 224 227 219 223 206 199 187 175 184 192 203 211
168 168 162 156 155 150 158 160 171 182 182 190 181 174 176 173 174 175 170 164 166 163 170 174 179 185 182 182 176 171 165 157 162 165 167 172 168 164 168 168 170 172 172 172 175 174 183 191 193 198 195 193 194 192 198 203 200 198 191 189 148 107 58 -2 20 27 37 51 60 69 87 106 117 131 143 154 159 164 168 172 179 183 203 211 226 236 231 234 220 191 188 158 184 191 204 218
165 164 161 156 155 153 156 161 164 173 178 182 184 180 180 177 177 175 172 168 166 165 168 172 178 182 183 182 179 174 169 164 163 165 168 170 171 170 170 171 171 172 172 173 176 178 182 189 192 195 196 195 196 196 196 200 199 198 193 185 158 120 73 29 19 23 33 46 59 70 85 99 111 124 141 151 160 165 167 172 179 186 205 216 226 235 237 235 229 210 193 177 184 194 205 214
162 163 158 153 153 149 155 162 164 166 172 175 180 183 180 178 177 178 172 169 167 163 168 168 176 182 182 185 181 179 172 164 165 164 167 171 172 172 173 174 173 174 173 171 176 179 183 189 191 194 194 195 196 197 198 200 199 198 195 197 168 141 89 20 26 18 31 42 55 67 80 97 103 109 131 150 157 170 169 169 177 173 202 218 227 237 236 238 229 217 201 166 189 194 208 222
159 159 156 153 150 149 152 157 162 166 170 174 176 180 180 179 177 176 172 168 167 165 167 170 174 179 181 183 182 179 175 169 166 165 168 170 173 174 175 175 176 175 176 175 177 180 183 188 189 192 191 193 196 197 201 200 199 198 196 191 178 151 108 58 27 20 27 37 53 65 77 90 98 107 123 138 153 162 170 172 180 184 199 214 224 233 236 236 230 220 206 189 195 201 211 219
155 158 154 151 149 143 149 151 157 164 168 172 176 178 179 180 177 176 171 167 166 165 168 169 174 178 180 182 181 181 176 172 167 161 166 169 173 177 177 177 177 176 177 177 179 182 185 189 190 193 191 188 193 195 198 203 198 196 194 194 180 172 124 69 44 7 23 27 44 62 72 88 91 91 112 128 142 156 163 169 177 179 197 211 221 231 232 236 229 226 210 182 199 204 214 228
151 153 150 149 146 145 144 148 150 157 166 170 178 180 179 179 175 173 168 164 163 162 169 171 177 180 181 182 180 179 176 172 168 164 164 166 171 175 178 180 179 179 178 179 180 182 186 188 191 192 192 191 192 194 198 200 197 196 193 191 184 170 138 95 56 28 21 25 33 50 66 79 86 94 99 117 130 146 159 168 175 183 189 204 216 225 229 231 228 222 213 200 202 206 215 223
150 153 150 149 147 145 147 147 149 144 160 166 174 184 179 181 175 171 166 159 158 150 163 170 175 183 181 183 181 180 176 173 168 164 163 162 169 176 179 184 182 182 181 178 180 181 184 188 190 193 192 189 192 192 196 203 197 194 192 189 185 187 150 112 74 24 26 19 30 39 57 80 84 94 101 106 125 136 154 170 177 186 190 192 208 220 224 232 226 223 214 198 204 201 214 225
147 148 148 146 146 146 147 149 150 153 159 167 169 177 176 177 175 171 164 159 154 153 158 165 171 177 180 181 180 179 176 173 167 164 162 161 167 172 180 184 186 185 185 183 182 182 182 185 188 190 193 192 192 193 193 197 196 193 192 189 186 181 162 130 90 51 27 21 24 33 47 64 80 88 103 108 123 134 152 164 181 186 192 195 199 210 217 223 223 221 216 209 205 206 214 221
146 144 142 144 144 146 149 152 155 150 162 170 172 179 177 177 175 174 166 158 156 145 156 161 167 176 178 182 181 181 177 175 169 162 161 155 163 166 177 186 186 188 186 185 184 183 183 182 186 189 191 194 194 194 195 198 195 191 191 188 187 188 168 151 109 61 42 15 23 21 37 50 66 78 91 101 114 122 143 155 171 189 186 193 195 199 209 216 219 222 216 214 209 200 214 220
146 143 137 134 140 139 153 154 165 165 166 172 170 176 176 178 173 173 166 161 160 156 153 159 160 168 174 178 180 180 179 176 170 165 160 158 160 165 174 182 186 188 187 187 184 184 181 182 184 187 190 193 194 195 196 196 194 192 190 188 187 184 175 156 124 85 53 31 23 24 28 41 55 69 83 95 106 120 136 154 160 177 173 182 188 193 203 209 215 218 214 211 208 206 216 222
