algorithm_improvement_tests/test.asc
ncols	1131.0
nrows	985.0
xllcorner	205792.5
yllcorner	330852.5
cellsize	5.0
nodata_value	-9999.0
[rows 585 to 629 of 985, columns 0 to 95 of 1131]
108 107 109 110 110 111 112 113 115 117 119 121 123 126 128 130 131 132 133 134 135 136 136 136 136 136 136 135 134 133 132 131 130 130 128 127 125 124 123 122 121 120 119 120 121 123 126 129 133 136 139 141 140 139 149 169 208 235 239 226 199 155 146 142 156 164 170 175 175 177 176 175 172 170 170 169 167 165 163 161 159 158 157 154 153 151 149 148 148 147 146 145 144 143 142 141
109 109 109 110 111 112 113 114 115 116 119 121 123 125 127 129 131 132 133 134 135 136 136 136 136 135 135 135 134 132 132 130 130 130 128 127 125 123 122 121 120 120 119 118 120 121 125 128 132 136 139 144 141 140 146 127 201 238 236 236 205 127 152 139 157 170 172 179 177 179 177 178 173 169 169 170 167 165 163 162 160 157 156 154 153 152 150 148 148 148 146 145 144 143 141 141
109 109 110 111 111 112 113 114 116 117 120 122 123 125 127 129 130 131 133 134 135 136 136 136 136 136 135 135 134 132 131 130 130 129 128 126 125 123 122 121 119 119 119 119 119 121 124 127 131 135 140 143 142 141 142 151 172 219 233 236 212 171 161 152 162 172 172 177 177 178 176 176 174 171 168 168 166 165 163 161 160 158 156 155 152 151 150 149 147 147 146 144 143 142 138 136
110 110 110 112 111 111 113 114 115 116 119 123 123 124 127 129 130 131 132 134 134 135 136 136 136 135 135 136 134 132 131 130 129 129 127 126 124 123 122 121 119 116 118 118 119 118 123 125 130 134 139 145 144 145 142 134 162 163 224 244 220 147 170 153 167 180 175 177 177 180 177 175 173 171 169 168 166 165 163 160 160 158 157 156 153 150 150 149 147 146 145 143 142 141 136 141
111 111 111 112 112 112 113 114 115 117 119 122 123 125 127 129 129 131 132 133 134 135 136 136 135 135 135 135 134 133 132 130 129 128 127 126 123 122 121 120 119 117 117 117 118 119 121 125 129 133 139 143 145 145 142 143 146 170 201 229 220 191 185 173 171 178 175 176 173 176 177 176 172 170 169 167 166 164 162 160 160 158 157 156 153 151 150 149 147 146 145 143 141 138 127 124
112 111 111 113 112 111 113 114 115 116 119 122 123 124 127 129 130 130 132 132 134 135 135 137 135 134 135 136 134 133 132 131 129 128 127 127 124 121 121 120 119 116 117 116 118 118 121 123 128 131 138 145 145 147 144 144 143 118 186 229 213 184 190 183 178 183 178 179 175 172 177 180 174 168 168 167 165 164 161 159 159 158 157 157 154 150 150 150 148 145 144 142 138 141 123 118
111 111 112 112 113 113 113 114 116 117 119 121 123 124 126 128 130 131 131 132 134 134 135 136 135 134 134 135 134 133 132 131 130 129 127 126 125 122 121 120 119 117 117 116 117 118 120 123 127 131 136 142 145 147 147 145 143 144 152 196 211 199 192 185 177 178 178 177 175 173 180 179 175 171 166 165 164 163 160 158 158 158 157 156 154 151 150 149 148 146 145 142 135 130 108 99
112 111 111 112 112 113 113 114 116 117 119 121 122 123 126 128 129 131 131 132 133 134 135 137 135 134 134 134 134 134 132 130 130 129 127 125 124 121 120 119 118 117 116 116 117 117 120 121 126 128 135 141 144 148 148 150 145 133 150 160 186 200 190 191 181 177 177 178 172 163 174 186 178 174 168 160 163 164 160 155 157 157 156 155 153 150 150 149 147 145 143 142 133 137 101 61
112 113 112 112 113 113 113 114 116 117 119 121 122 124 126 128 129 130 132 132 133 134 134 135 136 135 134 134 134 133 132 131 129 128 127 125 123 121 119 118 118 117 116 116 117 117 119 121 125 128 133 139 144 147 150 150 149 146 141 154 159 178 169 177 176 175 176 175 171 167 165 176 179 176 171 166 161 161 160 157 156 155 155 154 153 151 150 149 147 145 142 140 128 120 92 67
111 112 113 112 113 113 113 113 115 116 119 121 122 123 125 128 129 130 131 132 133 134 134 134 135 135 134 134 134 133 132 131 129 128 127 126 123 121 120 117 117 116 116 115 116 117 119 121 125 128 133 136 142 147 150 154 153 154 151 144 162 182 175 171 174 170 173 177 170 166 169 172 178 181 172 164 162 158 158 156 155 154 153 153 151 149 149 149 146 144 141 141 126 125 83 20
113 111 112 112 113 113 114 114 115 116 118 120 122 123 125 127 129 130 131 132 133 134 134 134 134 134 135 134 134 133 132 131 129 128 127 125 123 121 120 118 117 116 115 115 116 117 119 121 125 128 132 136 142 146 150 153 156 156 158 156 154 169 175 172 172 171 171 172 169 165 165 168 186 184 173 167 163 158 156 155 154 153 152 151 150 149 149 148 146 144 139 136 123 109 86 53
114 113 112 112 113 113 114 114 115 116 118 120 121 122 125 127 128 130 131 132 133 135 134 134 134 134 134 134 134 134 132 132 129 127 127 126 124 120 120 119 117 116 116 115 116 116 119 120 125 129 132 135 142 147 151 154 157 161 161 163 162 166 170 171 170 168 170 173 166 161 159 141 173 198 177 163 162 158 156 153 152 151 150 150 149 147 147 148 146 144 139 136 120 111 83 29
113 113 113 113 113 113 113 114 115 116 118 119 121 123 124 127 128 129 130 131 133 134 134 134 134 134 133 134 133 133 132 131 130 128 127 126 124 122 120 118 117 117 116 116 116 117 119 121 124 128 133 137 142 147 151 155 158 161 163 165 167 168 171 170 170 169 169 169 166 160 156 153 160 178 176 168 161 157 156 153 151 149 149 148 147 146 146 146 145 143 139 133 119 103 89 63
115 114 112 113 113 113 114 114 115 116 117 119 121 122 124 126 128 130 130 131 132 134 134 134 134 135 134 133 133 133 132 131 130 128 127 127 124 123 121 118 118 116 117 116 117 116 119 120 124 127 132 136 142 147 151 155 158 163 163 165 166 167 168 170 169 167 168 169 164 160 155 142 161 181 172 166 162 154 154 153 150 147 147 146 145 144 144 144 143 142 136 134 116 100 88 61
113 114 114 114 114 114 114 114 115 116 117 119 120 122 124 126 127 129 130 131 132 133 134 134 135 135 134 133 133 133 132 131 129 128 127 126 125 123 121 119 118 117 117 117 118 118 119 121 124 127 132 136 141 147 151 155 158 162 164 165 165 167 167 168 168 167 166 166 164 159 154 151 154 166 171 166 162 156 153 151 149 147 145 145 144 143 143 142 141 140 135 129 115 99 91 78
115 115 113 114 114 114 114 114 115 116 117 118 120 122 123 125 127 129 129 130 132 133 134 134 134 135 134 133 133 133 132 131 129 127 127 126 125 124 121 119 118 116 117 117 117 117 120 121 124 126 132 136 141 146 150 155 158 162 163 166 165 166 167 167 167 168 166 166 163 161 156 146 154 162 162 164 160 155 153 151 148 145 144 143 142 140 141 141 139 139 133 131 115 96 92 78
113 114 115 115 115 114 115 115 115 116 117 118 120 121 123 125 126 127 129 130 131 132 133 134 134 134 134 133 132 132 131 130 129 128 126 126 124 123 121 120 119 117 117 117 117 118 120 121 124 127 131 136 141 146 150 154 157 161 163 165 165 166 166 167 167 167 165 165 164 161 158 154 149 156 154 157 155 154 152 150 147 145 143 141 141 139 139 139 137 136 131 126 115 101 92 85
115 115 114 116 115 115 115 115 116 116 117 118 120 121 123 124 125 126 128 129 131 132 133 134 133 134 133 133 132 132 131 130 129 128 127 125 124 123 121 119 119 118 117 117 117 117 120 121 124 127 131 135 140 146 149 154 157 160 162 165 165 166 166 167 166 167 166 164 164 164 160 157 156 156 155 154 154 151 152 150 147 144 142 139 139 137 137 138 136 135 130 128 115 102 95 84
114 115 115 116 115 115 115 116 116 117 118 119 119 121 122 124 125 126 127 129 130 131 132 133 133 133 132 132 132 131 131 130 129 128 127 125 124 123 122 120 119 118 118 117 118 118 119 121 124 127 131 135 139 145 149 153 156 159 161 163 165 165 167 166 166 166 166 165 165 164 162 160 159 157 157 154 154 152 152 150 147 144 141 139 137 137 135 135 134 132 129 124 116 105 96 90
116 117 115 116 116 115 116 116 117 117 118 120 120 121 122 123 125 126 127 128 130 131 132 133 132 132 132 132 131 130 130 130 128 127 126 125 124 123 122 120 119 118 118 117 118 118 120 121 125 128 131 135 140 145 148 153 155 158 160 163 163 164 165 167 166 165 165 164 164 165 162 160 158 157 154 153 153 151 152 152 147 144 141 138 137 136 135 134 132 131 127 125 115 107 99 88
114 116 116 117 117 116 116 117 117 118 119 120 121 121 123 124 125 126 127 128 129 131 131 132 132 132 132 131 131 130 129 129 128 127 126 125 123 123 121 120 119 119 118 118 118 118 120 122 124 128 132 135 140 144 148 152 155 157 159 161 162 163 164 165 166 165 165 164 164 164 163 161 158 156 153 151 153 151 156 152 148 144 141 138 136 135 133 133 131 129 126 122 115 107 101 94
117 117 116 117 117 117 117 117 118 118 119 120 121 122 123 124 125 126 127 128 129 130 131 132 132 132 132 131 130 129 129 129 127 126 126 125 124 123 122 120 120 120 119 117 118 118 120 122 125 127 131 135 140 145 148 152 154 157 159 161 162 162 163 164 164 163 163 163 163 163 162 161 158 156 152 145 147 145 149 157 148 144 141 137 136 135 133 131 130 129 125 122 114 106 101 93
114 116 117 118 118 118 118 118 119 119 120 120 121 122 123 124 125 126 127 128 129 130 131 131 132 132 131 131 130 129 129 128 127 126 125 124 124 123 122 121 120 120 120 119 119 119 121 122 125 128 131 135 139 144 148 151 155 157 159 161 161 162 163 163 164 163 162 162 161 161 161 160 159 156 153 148 142 144 140 147 146 144 142 139 136 134 132 131 128 127 123 120 114 107 101 95
117 118 116 118 118 118 119 119 120 120 120 121 122 123 123 124 125 126 127 128 129 129 130 131 131 132 131 131 130 129 128 128 127 126 125 123 123 123 122 121 121 120 120 120 120 120 122 123 126 128 132 135 139 143 147 151 154 158 159 161 161 161 162 163 163 164 163 162 161 160 160 159 158 157 154 151 147 145 144 144 144 142 141 139 136 134 132 130 128 127 123 120 113 106 101 94
115 118 117 118 119 119 120 120 120 121 121 121 122 123 124 125 126 126 127 128 129 129 130 130 130 131 131 130 130 129 128 127 127 125 125 124 123 122 122 121 121 121 121 120 120 121 123 124 127 129 132 135 138 143 146 150 153 156 159 160 162 162 162 162 163 163 163 162 162 161 159 158 156 156 154 151 149 146 145 144 144 142 140 139 136 134 132 129 127 125 122 118 113 106 99 94
116 120 119 118 119 119 120 121 121 122 122 122 123 123 124 125 126 127 127 128 129 130 130 130 130 130 130 130 129 129 128 127 126 125 124 123 123 122 122 121 121 121 121 121 121 121 123 125 128 130 133 135 139 142 145 149 152 156 157 160 160 162 162 162 163 164 163 162 162 162 160 159 157 156 154 153 150 146 146 144 143 142 141 139 136 134 131 129 126 124 121 118 113 108 99 90
115 116 118 119 120 120 120 121 121 122 122 123 124 124 125 126 127 127 127 128 129 130 130 130 130 130 129 129 128 128 127 126 126 125 124 123 122 122 121 121 121 121 121 121 122 122 125 126 129 131 134 136 139 142 145 148 150 154 156 158 160 161 161 162 162 163 163 163 163 162 161 159 158 156 156 153 152 148 146 145 142 143 140 140 137 134 131 129 126 123 121 117 113 107 98 92
117 119 118 119 120 121 121 122 122 122 122 122 123 124 125 126 127 128 128 128 129 130 130 131 130 129 129 129 128 128 127 126 125 125 124 123 123 122 122 121 121 121 121 121 122 122 125 127 129 132 134 137 140 143 145 148 150 152 155 158 159 161 161 162 162 162 163 162 162 162 160 159 157 156 154 153 150 149 146 147 146 144 143 140 137 135 131 128 125 122 120 118 112 109 98 83
113 115 118 120 121 121 122 122 122 123 123 123 123 124 125 126 127 128 128 129 130 130 130 131 130 130 129 128 127 127 126 126 124 124 124 123 123 122 122 122 122 122 122 122 122 123 125 127 129 132 134 137 140 143 146 148 149 152 154 157 158 160 161 161 162 163 162 163 162 162 160 159 157 155 153 152 149 147 143 143 154 148 149 143 138 135 132 128 125 122 120 117 113 107 98 88
118 119 118 119 121 122 122 123 123 123 123 123 124 124 126 127 127 128 128 128 129 130 130 131 130 130 129 129 128 127 126 126 124 122 123 123 122 122 122 122 122 122 122 122 123 123 126 127 130 133 135 137 140 143 146 149 150 151 154 157 158 159 161 161 163 163 163 163 163 162 161 160 158 156 154 153 150 148 141 127 141 150 145 148 139 135 132 128 125 122 119 117 112 110 98 83
115 119 119 120 121 122 122 123 124 124 124 124 125 125 125 127 128 128 129 129 129 130 130 131 130 130 130 129 128 127 126 126 124 123 122 122 121 121 122 122 123 123 123 123 124 125 126 128 131 133 135 138 140 143 145 148 150 152 154 157 158 160 160 162 163 164 164 164 164 163 162 161 158 157 154 153 150 147 143 137 130 139 137 141 139 135 132 129 126 123 119 117 113 108 101 89
117 121 121 121 122 122 123 122 123 124 124 125 125 126 126 126 128 129 129 129 129 130 130 130 130 130 129 129 128 126 126 126 124 123 122 122 121 120 121 121 122 123 123 123 125 125 127 128 131 134 136 138 140 143 145 148 150 151 154 157 158 160 161 161 163 165 165 165 165 165 163 163 160 158 156 154 151 149 145 140 138 139 139 139 137 134 132 129 126 123 120 116 113 110 102 95
115 118 120 122 122 123 124 124 123 124 125 125 125 126 127 127 128 129 129 129 129 130 130 130 129 129 128 128 127 126 126 125 124 123 123 122 122 121 120 120 121 122 123 124 125 126 128 129 131 134 136 139 140 143 144 147 149 151 153 156 158 160 162 162 164 165 166 165 166 165 165 163 163 160 159 156 152 149 146 143 139 139 139 138 136 134 131 129 126 123 120 117 115 111 106 97
117 122 122 123 123 123 124 125 124 124 125 126 126 126 127 127 128 129 129 130 129 129 130 130 129 129 128 127 127 126 126 126 124 122 122 121 121 121 120 120 121 121 123 124 125 127 128 130 133 135 138 140 142 144 145 147 149 150 153 155 157 159 161 162 163 165 165 165 165 166 164 163 162 160 159 159 155 152 149 146 143 139 139 138 135 133 131 128 126 124 120 117 115 111 108 107
115 118 121 124 124 124 124 125 125 125 125 126 127 127 127 128 128 129 129 130 129 129 130 130 129 129 128 127 126 126 125 124 124 123 122 121 121 121 120 120 121 121 122 124 125 127 129 131 133 136 139 141 142 144 146 147 148 150 152 155 156 159 160 162 163 165 164 165 164 165 163 163 160 160 157 157 156 153 151 148 146 142 140 138 135 133 130 128 125 123 121 118 117 113 111 106
120 123 121 124 124 125 125 126 125 126 126 126 127 128 128 129 129 129 130 131 130 128 130 131 130 129 128 127 126 125 124 123 123 123 122 121 121 121 120 119 120 120 122 124 125 127 129 131 134 136 139 143 143 145 146 148 149 149 153 155 157 159 161 162 165 167 167 167 167 166 165 164 162 160 158 156 155 153 152 150 147 143 141 139 135 132 130 127 125 122 120 117 116 114 112 110
116 120 122 125 125 125 125 126 126 126 127 127 128 128 129 129 129 129 130 130 130 129 130 130 130 129 128 127 126 125 124 123 122 122 122 121 121 121 120 120 119 120 122 124 125 127 129 131 134 136 140 142 144 146 147 148 150 150 153 155 157 159 162 163 166 168 168 168 168 168 167 165 163 161 160 157 154 153 151 150 148 145 142 140 136 133 129 127 124 121 120 117 116 114 112 110
121 126 123 126 126 127 126 126 126 125 127 128 128 129 129 130 129 129 130 132 130 129 130 131 130 130 128 127 126 125 124 123 122 121 121 121 121 122 121 120 120 120 122 124 125 126 129 131 134 136 139 143 144 146 147 149 150 150 153 155 157 159 162 163 166 170 170 170 170 169 168 167 164 161 160 159 156 153 152 150 148 146 143 141 137 133 130 127 124 120 119 117 116 115 113 111
116 121 124 126 128 128 128 127 128 127 128 128 128 129 129 130 130 130 130 131 131 130 130 130 129 129 129 128 126 125 124 123 123 122 120 120 120 120 121 121 121 121 122 123 125 127 129 131 134 137 139 142 144 146 147 149 150 151 152 155 157 159 163 164 167 169 172 172 173 171 170 169 165 164 160 159 156 155 154 152 149 147 144 141 139 134 131 128 125 122 119 117 116 115 114 112
121 127 124 126 127 129 128 128 128 128 129 130 130 130 130 131 130 129 131 132 131 131 130 131 129 128 128 128 127 126 125 123 123 123 121 120 120 119 120 120 121 122 122 123 125 127 129 132 135 137 140 143 144 146 147 149 150 151 153 154 157 159 162 165 167 169 171 172 172 174 172 172 168 166 163 161 158 153 154 154 150 147 144 142 138 135 132 128 126 123 120 117 116 114 114 113
117 122 125 128 127 128 128 128 129 129 129 130 131 131 131 131 131 131 130 131 131 131 130 130 129 128 128 128 127 126 125 124 123 123 122 121 120 119 119 119 121 122 122 123 125 127 129 132 135 138 140 143 145 146 147 149 150 151 152 155 157 160 162 165 167 170 171 173 172 173 173 172 171 168 167 163 162 157 154 154 151 148 145 142 139 136 133 129 127 124 123 119 118 116 114 113
123 129 126 130 129 128 129 128 130 131 130 130 131 132 132 132 132 131 132 132 132 132 131 131 130 128 128 128 127 126 125 125 124 123 122 121 120 120 119 118 120 122 122 122 125 127 129 131 135 139 141 145 146 147 148 150 151 153 154 154 158 161 164 166 169 172 173 175 174 174 173 173 171 168 167 165 162 160 157 155 153 150 146 142 139 135 132 129 126 123 122 120 118 116 115 115
117 123 127 130 131 130 130 130 130 131 131 131 132 132 132 133 133 133 132 132 132 132 131 131 131 130 129 128 126 126 125 124 124 123 123 122 120 120 120 119 120 121 121 123 124 126 128 131 134 138 141 144 146 148 148 150 152 153 155 156 160 162 165 168 170 173 175 176 175 175 174 174 172 170 166 165 163 161 159 156 155 152 147 143 140 136 133 130 127 124 123 120 120 117 114 114
123 129 127 131 131 130 131 131 131 132 132 131 132 133 133 133 133 135 133 132 133 133 132 131 131 131 130 129 127 126 125 124 124 122 123 123 121 119 120 119 120 121 122 122 124 126 128 130 134 137 141 145 147 150 149 150 152 154 156 156 160 163 166 169 172 174 177 180 178 176 176 176 174 172 169 166 164 162 159 157 155 154 149 144 141 136 133 130 127 122 122 120 119 119 116 113
118 124 128 132 131 131 131 131 132 132 133 133 133 133 133 134 133 134 134 133 133 133 133 132 132 131 130 129 128 127 126 125 124 123 121 122 122 120 121 120 120 121 121 122 124 126 128 130 133 137 140 144 146 149 150 151 153 155 157 159 161 164 168 171 174 176 179 180 180 179 177 177 176 174 172 169 167 164 160 158 156 154 151 146 142 138 134 131 127 124 121 120 118 118 116 114
