algorithm_improvement_tests/test.asc
ncols	1131.0
nrows	985.0
xllcorner	205792.5
yllcorner	330852.5
cellsize	5.0
nodata_value	-9999.0
[rows 225 to 269 of 985, columns 576 to 671 of 1131]
110 111 111 111 110 110 110 109 110 109 109 109 109 110 109 109 109 108 108 107 106 105 105 105 105 105 105 104 104 104 104 105 105 105 106 106 107 107 108 108 109 109 109 109 109 109 109 109 110 109 109 109 109 109 108 107 106 105 105 104 103 103 102 102 101 100 99 98 97 96 96 96 96 96 97 98 98 99 100 102 103 104 104 104 105 106 107 107 108 109 109 109 110 110 110 111
111 112 112 112 111 110 110 110 110 110 110 110 110 110 110 110 109 108 108 108 107 106 105 105 105 106 105 105 105 104 105 105 105 106 106 106 107 107 108 108 109 109 109 109 109 109 109 109 110 110 110 110 109 109 109 108 107 106 105 103 103 103 102 102 101 100 99 98 98 97 96 95 96 96 97 98 98 99 100 101 102 104 104 105 105 105 106 107 108 109 109 109 110 110 111 111
112 112 112 112 111 111 110 110 110 110 110 110 110 110 110 110 110 109 109 108 107 106 106 105 105 105 105 105 105 105 105 105 106 106 106 107 107 107 108 108 109 109 110 110 109 109 109 110 109 110 110 110 110 109 109 108 107 106 105 104 103 103 102 102 101 100 100 99 98 97 97 96 96 97 97 98 98 99 100 101 102 103 104 105 105 105 106 107 107 108 109 109 110 110 111 111
112 113 113 113 112 111 111 110 110 110 110 110 111 111 111 111 110 110 109 109 108 107 107 106 106 106 106 105 105 105 106 106 106 106 107 107 107 108 108 108 109 109 110 111 110 110 110 110 110 110 110 110 110 110 109 109 108 107 106 104 104 103 103 103 102 101 100 99 99 98 97 96 97 97 97 98 98 99 100 101 102 103 104 105 105 105 106 107 107 108 108 108 109 110 111 111
113 114 113 113 112 111 111 110 110 110 110 111 111 111 111 111 111 110 110 110 109 108 107 107 106 106 106 106 106 106 106 106 106 107 107 107 108 108 109 109 109 110 110 111 110 110 110 110 111 111 111 111 111 110 110 109 108 107 106 105 104 104 103 103 102 101 101 100 99 99 98 97 97 97 98 98 98 99 99 101 102 103 105 105 106 106 106 107 107 108 108 109 109 110 111 111
113 114 114 114 112 111 111 110 110 111 111 111 111 111 111 112 111 111 111 110 109 109 108 107 107 107 107 106 106 106 106 107 107 107 107 108 108 108 109 109 110 110 111 111 111 111 111 111 111 111 111 111 111 111 110 110 109 109 107 106 105 104 104 103 102 102 101 101 100 99 99 98 98 98 98 99 99 99 100 100 102 103 104 106 106 106 107 107 107 108 108 109 109 110 111 111
114 115 114 114 112 111 111 110 110 110 111 111 111 111 112 112 112 112 111 111 110 109 109 108 108 107 107 107 107 106 107 107 107 107 108 108 108 109 109 110 110 111 111 112 112 111 111 111 112 112 112 112 111 111 110 110 109 109 108 107 106 105 105 104 103 102 101 101 100 100 99 99 99 99 99 100 100 100 100 101 102 103 104 105 106 107 107 108 108 108 109 109 110 110 111 111
114 116 115 115 113 111 111 110 110 110 110 111 111 110 111 112 112 112 112 112 110 110 109 108 108 108 108 108 107 107 107 107 107 108 108 108 109 109 110 110 111 111 112 112 112 112 112 111 112 112 112 112 112 112 111 110 110 109 108 107 106 105 105 105 104 103 102 101 101 100 100 99 99 99 100 101 100 100 101 100 102 103 104 106 106 107 107 108 108 108 109 109 110 110 111 112
115 115 115 114 113 112 111 110 110 110 110 110 110 110 110 111 111 112 112 111 111 110 110 109 109 108 108 108 108 108 108 108 108 108 108 108 109 110 110 111 111 112 112 113 113 113 112 112 111 112 112 112 112 112 112 111 111 110 109 108 106 106 105 105 104 103 103 102 102 101 101 100 99 100 100 100 101 100 101 101 102 103 104 105 106 107 108 108 109 109 110 110 110 111 111 111
115 117 115 115 113 111 111 110 110 110 110 110 110 110 111 111 111 112 112 112 111 110 110 109 109 109 108 108 108 108 108 108 108 108 109 109 109 110 111 111 112 112 113 114 114 114 113 113 113 113 113 112 112 112 111 111 111 111 109 109 107 106 106 105 105 104 103 102 102 102 101 100 100 99 100 101 101 101 101 102 103 104 105 105 106 107 108 109 109 109 110 110 110 111 111 112
115 116 116 115 114 112 111 110 110 110 109 109 110 110 110 111 111 111 111 111 110 110 110 109 109 109 109 109 109 109 109 109 109 109 109 109 110 110 111 112 112 113 113 114 114 114 114 114 114 114 114 113 112 112 111 111 110 110 109 109 107 106 106 106 105 104 104 103 102 102 101 101 101 100 100 101 101 101 102 103 103 104 105 106 107 108 108 109 109 109 110 110 110 111 111 112
116 117 116 116 114 112 111 110 110 110 110 109 110 110 110 110 111 112 112 112 111 110 110 110 110 109 109 109 109 109 109 109 109 109 109 109 110 110 111 111 112 114 114 114 114 115 115 114 115 115 115 115 114 113 113 112 111 111 110 109 108 106 106 106 106 105 104 103 103 102 102 102 101 101 101 101 101 101 102 103 103 104 105 106 107 108 109 110 110 110 110 110 111 111 111 111
116 117 116 116 114 113 112 111 110 110 110 109 109 110 110 110 111 111 112 112 111 110 110 110 110 110 110 109 109 110 110 110 110 110 110 110 110 111 111 112 112 113 114 114 115 115 115 115 116 116 115 115 114 114 114 113 112 111 110 109 109 107 107 106 106 106 105 104 103 103 102 102 102 102 102 102 102 102 102 103 103 104 106 107 108 108 109 110 110 110 111 111 111 111 111 111
116 117 117 117 115 112 112 111 111 110 110 109 109 110 110 110 111 111 111 112 111 110 110 110 110 110 110 110 110 110 110 110 110 110 110 110 111 111 112 112 113 113 114 114 115 115 115 115 116 117 116 116 115 114 114 114 112 111 110 109 108 107 107 106 106 107 106 105 104 103 103 102 102 102 102 102 102 102 102 102 103 104 105 107 108 109 109 110 110 111 111 111 111 111 111 111
116 117 117 116 115 113 112 111 111 110 110 110 109 110 110 110 110 111 111 111 111 110 110 110 110 110 110 110 110 110 110 110 110 110 111 111 111 112 112 113 113 113 114 114 114 115 116 116 116 116 116 116 116 115 114 113 113 112 111 110 109 108 107 107 106 106 106 106 105 104 104 103 103 103 103 103 103 103 102 103 103 104 105 107 108 109 109 110 110 111 111 111 111 111 111 111
117 118 117 117 115 114 113 112 111 110 110 111 110 109 110 111 111 111 111 111 111 110 110 110 110 110 110 110 110 111 110 110 111 111 111 111 112 112 113 114 113 113 114 114 115 114 116 117 116 116 116 116 115 115 114 113 112 112 111 110 109 108 108 107 107 106 106 106 106 105 104 103 104 103 103 103 103 104 103 102 104 104 105 107 108 110 110 111 111 111 111 112 111 112 112 112
118 118 118 117 115 114 113 112 111 110 110 111 110 110 110 111 111 111 111 111 111 111 110 110 110 111 111 111 111 111 111 110 111 111 111 112 112 112 113 114 114 114 114 114 115 115 116 117 117 116 116 116 116 115 115 114 111 111 110 110 108 108 108 107 107 107 107 106 106 106 105 105 105 104 104 104 104 104 104 104 104 105 106 107 108 109 110 111 111 111 112 112 111 111 112 112
118 119 118 118 116 115 113 112 111 110 111 111 111 111 111 111 111 112 111 111 111 111 111 111 111 111 111 111 111 112 111 110 111 112 112 112 112 113 113 114 114 115 114 114 115 115 116 117 117 117 116 116 116 115 115 116 113 111 111 110 109 107 108 108 107 106 106 106 106 107 106 105 105 106 105 104 104 105 104 103 105 106 107 108 108 108 110 111 111 112 112 113 112 111 111 112
118 118 118 117 116 115 114 113 112 111 111 111 111 111 111 111 112 112 112 111 111 111 112 111 112 112 111 111 111 112 112 111 112 112 112 112 113 113 114 114 114 115 115 115 115 116 116 116 117 117 117 116 116 115 114 114 113 112 111 110 110 109 109 108 108 107 106 106 106 106 106 106 106 106 106 105 105 105 105 104 105 106 108 108 109 109 110 111 111 112 112 113 112 112 111 111
118 120 118 118 116 114 114 114 113 111 112 113 112 110 111 111 111 112 112 111 112 111 112 112 112 113 112 112 112 112 112 111 112 113 113 113 113 114 114 115 115 115 115 115 116 116 116 115 116 117 117 117 116 117 115 113 112 111 111 111 110 109 109 109 108 108 107 106 106 107 106 106 107 108 107 106 106 106 105 104 105 105 107 109 109 110 110 111 111 111 112 113 112 112 112 111
118 119 118 117 116 114 113 113 113 112 112 112 112 112 111 111 111 112 112 112 112 112 112 112 113 113 113 112 112 112 112 112 112 113 113 113 114 114 115 115 116 116 116 116 116 116 116 116 116 117 116 117 117 116 116 114 112 111 110 110 110 109 109 109 108 108 107 107 107 107 107 107 107 107 108 107 107 107 106 106 106 106 107 108 109 110 111 111 111 112 112 113 113 112 112 112
118 120 118 117 116 114 113 112 113 113 113 113 113 113 112 112 112 112 112 113 112 112 112 112 113 114 113 113 113 113 113 113 113 113 113 114 114 115 115 115 116 117 117 118 117 118 118 118 117 117 117 117 117 117 116 115 113 111 111 110 110 110 109 109 109 109 108 106 107 107 107 107 107 107 108 108 108 108 107 106 107 107 108 109 109 109 110 111 111 111 112 113 113 112 112 112
117 118 118 117 115 114 114 113 113 113 113 113 114 113 113 113 113 113 113 113 113 113 113 113 113 114 114 114 113 113 113 113 113 113 113 114 114 115 116 116 117 117 117 118 118 118 119 119 119 118 117 117 117 117 116 115 114 112 111 110 110 110 110 109 109 109 108 107 107 107 108 108 108 108 108 108 108 108 108 107 107 108 108 109 109 110 110 111 111 111 112 113 112 112 112 112
117 119 117 117 115 113 113 113 113 113 113 113 113 115 113 112 113 113 113 113 113 113 113 113 114 114 114 114 114 114 114 114 114 113 114 115 115 115 116 117 117 118 118 118 118 118 119 119 119 120 119 118 118 118 117 116 114 113 112 110 110 110 110 109 109 109 109 108 108 107 108 109 109 108 109 109 109 109 109 108 108 108 108 108 109 110 110 111 111 111 112 113 112 112 112 111
117 117 116 116 115 113 113 113 113 113 113 113 113 114 114 113 113 114 113 114 114 114 114 114 114 114 114 115 114 114 114 114 114 114 115 115 115 116 116 117 118 118 119 119 119 119 119 120 120 120 119 119 118 118 117 116 115 114 112 111 111 110 110 110 109 109 109 109 108 108 108 109 109 109 110 110 110 110 109 109 109 109 109 109 109 110 110 111 110 111 111 112 112 112 112 111
117 118 116 116 114 112 113 112 113 113 113 114 114 114 114 114 114 115 114 114 114 114 114 114 115 115 115 115 115 115 115 115 115 115 115 116 116 117 117 118 118 119 119 120 119 119 120 121 120 121 120 119 119 118 118 117 116 115 113 111 111 110 110 110 110 109 109 109 109 108 109 109 109 109 110 111 110 110 110 109 109 110 110 110 110 110 110 111 111 110 111 112 112 112 111 111
116 117 116 115 114 113 112 112 112 113 113 114 115 115 115 115 115 115 115 115 115 115 115 115 115 115 115 115 116 116 115 115 115 115 116 116 117 117 118 118 119 119 120 120 120 120 120 121 121 121 121 120 120 119 118 117 116 115 114 113 112 111 111 111 110 110 110 109 110 109 109 109 110 110 110 111 110 110 110 110 110 110 110 110 110 111 111 111 111 111 110 111 111 111 111 111
116 117 116 115 114 112 112 112 112 112 113 113 114 115 115 115 115 115 115 115 115 116 115 116 115 116 116 115 116 117 116 115 116 116 116 117 117 118 118 119 119 120 120 120 121 121 121 121 121 121 121 121 120 120 119 118 117 116 115 113 113 112 112 111 111 110 110 109 110 110 110 109 110 110 111 112 111 111 110 110 110 110 110 110 111 111 111 111 111 111 111 111 111 111 111 110
116 116 115 115 113 112 112 112 113 113 114 114 115 115 115 115 115 115 115 115 116 116 116 116 116 116 116 116 116 117 117 116 117 117 117 117 118 118 119 119 120 120 121 121 121 121 122 122 122 122 122 122 121 121 120 119 118 117 116 114 113 113 112 112 111 111 110 110 110 110 110 110 111 111 111 112 112 111 111 110 110 110 110 110 111 111 111 111 111 111 110 110 110 110 110 110
116 116 115 115 113 111 112 111 112 112 113 114 115 116 116 116 116 116 116 116 116 117 116 116 116 116 116 116 116 117 117 117 117 117 118 118 118 119 119 119 120 120 121 123 122 122 122 123 122 122 122 122 122 122 121 120 119 118 117 115 115 114 113 112 112 111 111 110 110 110 110 110 111 111 112 113 112 112 111 111 110 110 110 109 110 111 111 112 111 110 110 110 110 110 110 110
116 115 115 114 113 112 112 111 112 112 112 114 114 115 116 116 117 117 117 117 117 117 117 117 117 116 116 116 116 117 117 117 118 118 118 118 119 119 120 120 120 121 121 122 122 122 122 123 123 123 123 123 123 123 122 121 120 119 118 117 116 115 114 113 113 112 112 111 111 111 111 111 111 112 112 112 113 112 112 111 111 110 111 110 110 111 110 111 111 110 110 110 110 110 110 110
116 115 114 113 113 112 112 111 112 114 113 114 115 116 116 116 117 117 117 117 118 118 118 118 117 117 117 116 117 116 117 117 118 118 119 119 119 120 120 121 121 121 122 122 122 123 123 123 123 124 124 125 124 124 123 123 122 121 120 118 117 116 115 114 113 113 112 112 111 111 111 111 112 112 112 113 113 113 112 111 110 110 110 110 110 111 110 110 110 110 110 110 109 109 109 109
116 115 114 114 113 112 112 112 112 113 114 114 115 116 117 117 117 117 117 118 118 118 118 118 118 118 117 117 117 117 117 118 118 118 119 119 120 120 121 121 122 122 122 122 123 123 124 124 124 124 124 125 125 125 124 124 123 122 121 120 119 118 117 116 114 114 113 112 112 112 112 112 112 112 113 113 113 113 112 111 110 110 109 109 109 110 110 110 110 109 109 109 109 109 109 109
116 115 114 113 113 112 112 111 112 113 114 114 115 116 117 118 118 118 118 119 119 119 119 120 119 119 119 118 118 118 118 118 119 119 119 120 120 121 121 122 122 122 122 123 123 123 124 124 124 125 125 125 126 126 125 125 124 124 123 122 121 120 119 117 116 115 114 113 113 113 113 113 113 113 113 114 114 114 113 112 111 110 110 109 110 109 110 110 109 109 109 108 109 109 109 109
116 115 114 113 113 112 112 112 113 113 114 114 115 116 116 117 118 118 119 119 119 120 120 120 120 120 120 119 119 119 118 119 119 120 120 120 121 121 122 122 122 123 123 123 123 124 124 124 125 125 126 126 126 126 126 126 126 125 124 124 123 122 121 120 118 117 116 115 114 114 114 114 113 114 114 114 114 114 113 113 111 111 110 110 110 110 109 109 108 108 108 108 108 108 108 109
116 115 114 114 113 111 112 111 112 113 114 115 115 116 116 118 118 119 119 120 120 120 121 121 121 122 121 121 120 119 120 119 120 121 121 120 121 122 122 123 123 123 123 123 124 124 125 125 125 125 126 126 127 127 127 127 127 126 126 125 124 124 123 122 120 119 118 117 116 115 115 115 114 114 115 116 115 116 114 114 112 111 111 110 110 110 110 109 109 108 108 108 108 108 108 108
116 115 114 113 113 112 112 112 112 113 113 114 115 116 116 117 118 119 119 120 121 121 122 122 123 123 123 122 122 121 121 121 121 121 121 122 122 122 122 123 123 123 124 124 125 125 125 125 126 126 126 127 127 128 128 128 128 127 127 126 126 125 125 124 123 121 120 119 118 117 116 116 116 115 116 116 116 116 115 114 113 112 111 111 111 110 110 109 109 108 108 107 107 108 108 108
116 115 114 113 113 112 112 112 113 113 114 114 115 116 117 117 118 119 120 121 121 121 122 123 123 124 124 124 123 122 122 121 122 122 122 122 123 123 123 123 123 123 124 124 125 125 125 126 126 126 127 128 129 129 129 129 129 129 128 128 127 127 126 125 124 123 122 121 120 118 118 117 116 116 116 117 117 117 116 115 114 112 112 111 111 111 110 110 109 108 107 107 107 107 108 108
116 115 114 113 113 112 112 112 112 113 113 114 115 116 117 117 119 119 120 121 122 122 123 123 124 125 125 125 125 124 124 123 123 123 123 123 123 124 123 124 124 124 124 125 125 125 126 126 127 127 128 128 129 130 131 131 131 131 130 130 129 129 128 127 127 125 124 123 121 120 119 118 118 117 117 117 117 118 117 116 115 113 112 112 112 111 111 110 109 108 107 107 106 107 107 108
116 115 115 114 113 113 113 113 113 113 113 114 114 115 116 117 118 119 120 121 122 123 123 124 125 125 126 127 126 126 125 125 125 125 124 124 124 124 124 124 124 124 125 125 125 126 126 127 127 128 128 129 130 131 132 132 132 133 132 132 131 130 130 129 128 127 126 125 123 122 121 120 119 118 118 118 118 119 118 117 116 114 113 112 112 112 111 111 110 109 108 107 106 106 107 107
116 115 115 114 114 114 113 113 113 113 113 114 114 115 116 117 117 119 120 121 122 123 124 124 125 126 127 127 127 127 127 127 126 126 126 126 126 125 125 125 125 125 125 126 126 126 126 127 127 128 129 129 131 132 133 134 134 135 134 134 133 132 132 131 130 129 128 127 125 124 123 121 120 119 119 119 119 119 119 118 117 115 115 113 113 112 111 111 110 109 108 107 106 106 106 107
116 115 115 116 115 115 114 114 113 113 114 114 114 115 116 117 118 119 120 121 122 123 124 125 126 127 128 129 129 129 129 129 128 127 127 127 127 127 126 125 126 126 126 126 126 126 127 128 128 128 129 129 131 132 134 135 136 137 136 136 135 134 134 133 132 131 130 129 127 126 124 123 122 120 120 119 119 120 119 119 117 116 115 114 113 112 111 111 110 109 108 107 106 105 106 106
116 116 115 116 116 115 115 114 114 114 114 114 114 115 116 117 118 119 120 121 123 124 125 126 127 128 129 130 130 130 131 130 130 129 129 129 128 128 127 127 127 127 127 127 127 127 127 127 129 129 130 131 132 133 135 136 137 138 138 138 137 137 136 135 134 133 132 131 129 128 126 125 123 122 121 120 120 120 119 119 118 117 116 115 114 113 112 111 110 109 108 107 106 105 105 106
117 116 116 116 116 116 116 115 115 114 114 114 115 114 116 117 118 119 120 121 122 124 125 126 127 128 129 131 131 132 132 132 132 131 131 130 130 129 129 128 128 128 127 127 127 127 127 127 128 129 130 131 133 133 135 137 138 139 140 141 139 138 138 137 136 135 134 133 131 129 128 127 125 123 122 121 121 121 120 120 119 118 117 115 114 113 112 112 110 109 108 106 106 104 105 105
117 117 117 116 116 116 116 116 115 114 114 114 115 115 117 117 118 119 121 122 123 124 125 126 128 129 130 131 132 133 133 133 133 133 132 132 131 131 130 130 129 129 128 128 127 127 128 128 129 130 131 132 133 135 136 138 139 140 142 142 142 141 140 139 138 137 136 134 133 131 129 128 127 125 124 123 122 122 121 121 120 119 118 116 114 113 111 111 110 109 108 107 105 104 104 105
