algorithm_improvement_tests/test.asc
ncols	1131.0
nrows	985.0
xllcorner	205792.5
yllcorner	330852.5
cellsize	5.0
nodata_value	-9999.0
[rows 720 to 764 of 985, columns 480 to 575 of 1131]
-86 -94 -85 -60 -72 -77 -72 -73 -68 -63 -62 -59 -57 -57 -54 -54 -48 -44 -42 -40 -39 -31 -40 -44 -46 -49 -43 -36 -36 -35 -29 -24 -15 -11 0 10 18 28 30 35 36 38 41 46 46 50 48 49 45 40 40 37 46 55 51 49 39 33 13 -6 -3 -6 12 29 38 49 49 50 52 51 57 66 52 47 29 21 -3 -34 -16 -8 -3 0 17 29 42 58 62 69 72 81 67 60 51 41 31 19
-72 -78 -80 -69 -69 -72 -72 -71 -72 -67 -67 -63 -64 -61 -61 -57 -55 -49 -47 -44 -47 -43 -47 -50 -54 -54 -54 -49 -44 -41 -32 -29 -21 -15 -8 2 17 25 33 36 39 40 41 45 43 46 44 44 47 44 47 46 46 52 55 52 49 39 24 8 -2 -2 9 22 37 46 50 52 51 52 54 58 51 44 33 17 5 -15 -14 -10 0 2 17 27 42 55 64 72 74 78 69 62 56 46 34 24
-66 -64 -70 -65 -69 -74 -70 -66 -68 -66 -65 -62 -62 -62 -58 -58 -52 -49 -47 -42 -47 -45 -50 -52 -56 -61 -58 -58 -53 -53 -42 -34 -27 -18 -11 -8 10 25 29 39 38 43 43 47 44 44 42 39 44 45 49 53 52 51 54 56 52 54 33 17 4 -14 2 14 29 48 49 56 52 49 55 62 50 42 28 15 0 -23 -16 -16 -8 -4 10 24 38 58 65 78 79 87 73 60 58 55 40 29
-73 -69 -70 -68 -67 -69 -70 -67 -67 -65 -64 -62 -61 -60 -56 -54 -49 -45 -50 -45 -52 -52 -57 -59 -62 -63 -63 -61 -61 -56 -53 -43 -34 -25 -11 -5 5 19 23 32 36 39 42 43 43 42 41 39 43 44 52 55 61 59 58 58 56 53 43 28 12 0 -3 7 21 36 48 52 54 53 55 57 54 44 30 15 0 -15 -19 -18 -12 -5 1 17 28 46 63 75 83 85 76 67 61 55 46 35
-65 -65 -66 -66 -65 -64 -64 -62 -62 -63 -61 -59 -57 -58 -51 -48 -40 -28 -36 -37 -45 -51 -57 -62 -63 -67 -64 -62 -60 -60 -53 -50 -38 -33 -18 -6 5 21 23 29 32 37 37 42 39 39 37 32 37 37 47 54 59 67 63 62 59 59 48 40 21 2 1 -5 13 29 40 55 52 50 53 56 51 48 31 16 0 -21 -19 -21 -13 -5 3 13 26 38 58 78 83 97 80 66 64 60 49 42
-68 -66 -66 -65 -65 -63 -62 -60 -59 -58 -60 -56 -57 -52 -50 -41 -40 -25 -32 -26 -42 -44 -58 -61 -65 -67 -63 -64 -59 -59 -54 -50 -39 -32 -21 -9 2 15 21 26 27 31 32 35 35 34 36 32 34 36 42 49 59 64 67 65 63 59 55 44 31 14 3 0 7 19 34 44 50 51 52 54 50 47 33 20 -1 -14 -25 -23 -16 -8 0 11 20 35 52 71 83 91 85 75 67 61 54 45
-62 -62 -60 -59 -58 -58 -55 -52 -51 -47 -48 -47 -44 -40 -33 -20 -12 7 6 6 -7 -29 -41 -63 -65 -75 -69 -67 -65 -63 -59 -56 -44 -35 -23 -11 0 16 18 25 25 27 27 28 28 26 28 27 29 30 38 43 55 67 67 69 63 58 54 52 35 22 7 -11 1 7 22 41 44 52 52 56 53 55 41 33 11 -10 -16 -30 -16 -7 0 11 20 27 49 68 82 101 87 78 72 63 56 51
-59 -57 -57 -53 -55 -51 -53 -47 -47 -42 -43 -38 -38 -32 -26 -15 5 17 47 43 41 20 -18 -35 -63 -67 -72 -69 -69 -66 -63 -58 -47 -37 -23 -12 -1 9 17 21 22 23 22 22 23 22 23 23 25 27 32 39 51 60 70 71 66 62 53 49 40 26 10 -1 -5 1 11 25 36 43 50 52 55 53 49 37 21 3 -10 -18 -17 -8 -1 9 17 28 47 65 83 94 92 84 75 68 60 53
-51 -48 -46 -41 -41 -38 -37 -34 -31 -28 -27 -25 -23 -21 -16 -13 4 15 46 83 74 88 39 -2 -29 -67 -64 -71 -69 -68 -65 -66 -52 -42 -28 -13 -5 5 10 19 17 19 17 14 15 15 16 17 20 20 26 29 42 54 64 79 70 67 58 49 41 35 15 -3 -4 -10 3 16 25 37 42 49 50 54 48 50 30 14 1 -17 -10 -7 0 9 17 20 43 59 78 103 92 90 80 71 65 61
-43 -42 -36 -35 -28 -28 -22 -22 -16 -15 -10 -11 -7 -8 -1 0 15 24 53 73 101 102 97 61 17 -19 -57 -60 -73 -69 -66 -63 -55 -44 -32 -17 -10 0 2 10 11 13 12 11 7 8 9 10 15 17 22 27 35 46 58 68 73 69 63 54 45 35 19 4 -6 -9 -6 4 16 26 37 42 48 48 49 44 38 22 14 0 -5 -2 3 10 19 26 41 58 76 92 93 90 83 75 71 63
-42 -40 -37 -32 -28 -23 -20 -15 -12 -9 -7 -6 -5 -7 -4 -6 5 8 35 56 88 131 113 128 72 31 -7 -49 -56 -74 -66 -68 -56 -46 -33 -14 -8 1 2 5 8 10 10 9 5 0 3 1 7 12 16 19 29 36 50 65 67 73 63 56 47 42 23 6 -3 -16 -10 -9 4 13 24 34 37 43 41 44 34 27 17 6 2 -3 4 9 17 20 38 53 72 98 91 93 84 73 71 69
-40 -40 -33 -32 -23 -22 -13 -13 -1 -4 4 0 6 0 3 0 9 13 28 47 75 100 120 121 113 79 50 4 -30 -49 -62 -62 -59 -49 -36 -22 -4 1 0 3 4 6 7 6 2 0 -1 -1 2 5 11 15 23 31 42 54 63 67 64 58 48 40 27 12 -3 -13 -16 -13 -3 5 14 23 26 32 30 32 31 25 22 12 8 3 11 13 21 26 36 51 67 85 91 91 85 78 70 67
-46 -45 -41 -38 -34 -30 -26 -23 -16 -9 -7 -4 -2 -1 -2 -8 0 4 15 21 49 76 101 139 119 122 83 54 10 -34 -45 -64 -58 -57 -44 -31 -14 10 0 -2 0 1 3 8 2 -4 -4 -9 -3 -2 3 6 14 21 33 45 55 69 62 61 51 44 30 20 0 -18 -18 -25 -11 -1 7 17 19 25 23 21 23 22 18 14 7 -3 7 14 19 25 35 45 63 86 88 96 88 83 76 72
-54 -49 -45 -42 -39 -35 -34 -29 -23 -17 -14 -11 -5 -5 -2 -5 -4 1 2 15 20 48 73 100 117 116 110 86 59 17 -23 -40 -56 -54 -52 -39 -23 -7 0 -2 -3 -3 1 1 6 0 -3 -6 -8 -6 -3 1 5 13 23 34 46 56 60 58 51 43 34 21 5 -11 -20 -24 -19 -10 0 8 10 15 14 13 16 16 18 14 7 2 4 10 16 24 30 42 56 74 86 91 89 85 80 73
-53 -55 -49 -46 -43 -40 -39 -41 -31 -24 -23 -24 -15 -10 -8 -4 -3 0 4 11 16 16 48 70 96 127 117 126 94 73 24 -25 -38 -58 -53 -54 -34 -12 -11 -4 -9 -14 -8 -5 -2 0 -4 -8 -9 -11 -7 -5 0 3 14 23 35 51 52 59 49 42 33 28 7 -10 -20 -34 -24 -18 -7 7 5 8 6 2 8 10 14 20 9 -2 5 9 16 26 30 35 52 68 79 95 89 85 81 76
-50 -51 -49 -47 -46 -44 -43 -42 -39 -33 -32 -28 -25 -19 -17 -11 -9 -3 0 7 7 16 22 48 66 93 112 118 121 105 75 32 -20 -36 -55 -51 -46 -30 -21 -15 -14 -17 -15 -13 -8 -6 -5 -8 -8 -11 -10 -9 -7 -2 4 13 25 36 48 50 47 40 32 24 12 -4 -20 -29 -32 -25 -14 -4 0 1 0 -1 0 4 12 14 11 5 2 7 14 22 26 35 46 61 74 86 89 87 83 77
-50 -51 -49 -47 -48 -47 -46 -47 -41 -34 -34 -35 -27 -20 -16 -10 -7 -4 0 10 9 9 19 25 48 65 95 124 129 152 119 100 35 -24 -36 -60 -47 -40 -32 -21 -24 -26 -24 -24 -16 -9 -10 -12 -13 -15 -15 -12 -11 -9 -2 1 13 21 33 48 39 38 30 25 13 4 -15 -35 -33 -37 -23 -7 -7 -1 -6 -9 -4 -4 8 22 13 7 5 3 13 26 27 30 44 56 71 87 87 90 84 81
-46 -48 -47 -47 -48 -48 -49 -48 -46 -40 -37 -35 -32 -26 -21 -15 -5 -2 0 4 12 10 20 23 36 50 79 100 131 141 151 134 96 38 -14 -36 -47 -42 -40 -33 -32 -32 -34 -32 -25 -19 -14 -14 -19 -18 -24 -19 -18 -13 -7 -1 3 12 18 30 28 28 27 21 15 3 -8 -25 -36 -37 -30 -20 -11 -9 -12 -14 -11 -7 5 14 17 13 3 4 9 18 26 32 42 54 71 82 90 91 83 79
-46 -46 -47 -45 -46 -47 -48 -50 -46 -43 -39 -37 -33 -27 -23 -21 -10 0 -3 -6 0 0 5 10 16 17 49 69 107 139 150 183 132 97 31 -33 -34 -47 -41 -37 -38 -36 -39 -44 -33 -25 -20 -9 -15 -13 -17 -22 -17 -20 -10 -5 -1 4 11 27 24 21 20 17 12 9 -7 -19 -33 -49 -37 -30 -23 -10 -19 -23 -17 -18 0 18 18 26 10 -2 8 17 23 29 40 45 66 84 89 101 88 79
-46 -46 -48 -46 -47 -46 -48 -47 -49 -44 -41 -38 -38 -32 -21 -19 -9 -3 -2 -4 -4 -3 -8 0 1 10 19 48 81 116 133 153 159 129 80 22 -22 -35 -42 -40 -42 -42 -45 -46 -42 -35 -29 -22 -17 -17 -12 -17 -13 -14 -10 -5 -10 -3 -3 7 23 21 14 13 8 4 -4 -17 -30 -41 -42 -36 -33 -25 -27 -29 -25 -21 -3 9 19 22 11 5 5 12 20 28 38 48 63 78 89 96 95 86
-49 -48 -49 -48 -47 -42 -41 -41 -43 -47 -42 -37 -38 -42 -30 -26 -17 -4 -7 -7 -7 -3 -6 -10 -5 -4 11 16 63 106 119 137 152 179 119 67 17 -35 -34 -41 -42 -43 -47 -54 -47 -41 -36 -26 -24 -20 -17 -17 -14 -14 -6 4 -4 -6 -7 -14 6 29 17 11 10 6 -2 -10 -27 -45 -41 -42 -37 -29 -35 -39 -34 -35 -12 10 17 38 17 1 8 8 17 24 36 43 61 77 87 100 95 93
-45 -55 -47 -55 -50 -49 -31 -35 -33 -37 -41 -39 -33 -36 -29 -26 -23 -15 -10 -11 -13 -12 -4 -9 -10 -9 0 11 45 80 96 119 137 152 148 108 59 11 -25 -34 -42 -44 -50 -52 -56 -49 -47 -38 -30 -25 -15 -15 -13 -11 -5 0 -2 -5 -9 -12 -5 6 18 13 14 7 2 -8 -23 -36 -43 -43 -41 -38 -42 -44 -44 -39 -21 -2 13 24 22 11 11 11 16 23 35 45 61 75 86 95 98 95
-75 -68 -72 -61 -63 -62 -43 -26 -32 -33 -40 -49 -41 -43 -36 -28 -28 -25 -20 -12 -19 -26 -16 -8 -14 -18 -10 -15 26 79 86 99 125 153 148 155 101 50 10 -33 -34 -41 -46 -50 -52 -52 -48 -47 -38 -37 -22 -10 -14 -14 -4 9 0 -5 -11 -24 -15 -9 1 12 9 9 1 0 -18 -35 -41 -50 -45 -38 -46 -51 -50 -56 -32 -9 4 29 17 8 9 7 13 17 31 40 58 76 84 97 99 109
-106 -92 -106 -89 -83 -72 -46 -35 -23 -28 -32 -41 -39 -41 -44 -36 -35 -30 -32 -24 -30 -27 -27 -19 -22 -19 -20 -11 -4 37 73 91 107 130 149 147 134 93 49 9 -29 -36 -47 -50 -53 -53 -47 -46 -40 -36 -26 -18 -21 -16 -5 1 6 1 -11 -17 -28 -20 -12 -2 5 5 0 -4 -12 -27 -41 -47 -49 -47 -48 -53 -57 -56 -43 -25 -4 11 18 13 8 7 9 15 29 40 55 71 83 93 98 102
-94 -87 -91 -100 -86 -94 -64 -40 -36 -23 -35 -47 -42 -36 -40 -36 -34 -27 -27 -19 -23 -30 -21 -15 -16 -18 -14 -14 -2 4 47 87 96 107 133 162 143 139 94 55 11 -33 -38 -50 -53 -61 -52 -48 -44 -44 -30 -8 -18 -27 -11 0 3 16 0 -9 -20 -37 -21 -13 -3 9 0 -3 -11 -16 -35 -52 -51 -52 -55 -56 -61 -69 -52 -38 -18 7 10 17 8 2 6 5 24 38 53 69 80 94 96 103
-104 -92 -80 -86 -77 -80 -73 -53 -49 -37 -39 -42 -51 -43 -50 -41 -41 -32 -32 -25 -19 -21 -18 -13 -12 -12 -12 -9 -9 3 26 59 84 100 115 135 147 139 129 95 55 12 -29 -41 -49 -55 -51 -49 -43 -40 -40 -27 -16 -19 -16 -7 -3 3 13 1 -10 -23 -28 -21 -13 -4 0 -4 -10 -18 -29 -43 -52 -55 -59 -62 -66 -69 -62 -49 -33 -13 7 11 7 2 2 4 20 34 49 64 78 89 94 99
-72 -99 -81 -88 -79 -81 -68 -50 -47 -34 -34 -28 -35 -33 -35 -37 -31 -26 -25 -28 -20 -19 -13 -7 -7 -7 -7 -4 -6 -16 14 40 64 90 101 118 131 149 136 139 95 57 6 -45 -46 -62 -55 -52 -46 -35 -39 -40 -27 -18 -15 -8 -7 -9 2 18 -3 -18 -22 -32 -21 -11 -8 -2 -9 -11 -26 -41 -49 -57 -61 -63 -70 -79 -68 -59 -43 -30 -7 19 3 -3 -4 -10 13 32 43 60 73 92 93 100
-16 -60 -47 -67 -67 -69 -70 -56 -54 -42 -40 -32 -34 -30 -28 -27 -22 -20 -11 -16 -10 -12 -4 -6 7 0 0 -2 0 -3 0 23 47 71 85 101 116 127 138 131 133 96 53 2 -35 -49 -58 -54 -53 -44 -42 -40 -35 -27 -19 -13 -9 -7 -5 3 3 -7 -15 -21 -30 -21 -17 -12 -11 -14 -20 -33 -50 -56 -63 -66 -73 -77 -77 -67 -53 -38 -15 1 0 -3 -14 -11 6 22 35 52 66 81 92 97
-57 -75 -68 -56 -66 -59 -61 -50 -49 -39 -34 -23 -25 -27 -22 -26 -21 -25 -18 -19 -16 -18 -16 -18 -9 5 -4 -3 -2 0 3 4 32 60 70 82 96 105 116 122 125 145 87 41 -3 -46 -48 -56 -50 -44 -44 -44 -38 -34 -24 -13 -10 -7 -4 0 1 2 -5 -11 -21 -31 -22 -16 -14 -12 -18 -18 -40 -57 -60 -64 -72 -80 -77 -79 -62 -52 -27 8 -2 2 -11 -32 -2 24 32 46 61 76 86 99
-73 -81 -85 -76 -69 -66 -57 -56 -46 -45 -26 -27 -10 -19 -2 -12 -1 -12 -7 -13 -10 -14 -25 -20 -29 -14 -17 -11 -9 -3 0 7 21 42 57 70 80 92 97 108 110 117 118 77 32 -9 -40 -48 -48 -45 -45 -43 -44 -38 -31 -22 -10 -6 -7 -2 -1 0 3 -3 -13 -21 -25 -22 -18 -16 -19 -22 -33 -48 -57 -63 -71 -77 -80 -78 -68 -55 -38 -15 -7 -5 -8 -17 -13 6 26 40 55 69 83 93
-81 -95 -88 -85 -80 -76 -73 -66 -67 -64 -53 -43 -37 -35 -24 -21 -19 -17 -20 -17 -15 2 -14 -14 -16 -16 -14 -17 -9 -5 0 -1 16 31 44 58 69 83 90 97 102 102 109 126 67 21 -15 -54 -44 -41 -43 -42 -43 -45 -35 -30 -17 1 -2 -3 0 -1 4 11 -6 -19 -22 -27 -21 -14 -18 -14 -29 -43 -52 -60 -68 -76 -77 -85 -72 -63 -44 -16 -14 -5 -10 -21 -12 -7 14 36 48 62 77 95
-103 -104 -100 -94 -90 -84 -88 -82 -84 -78 -68 -61 -49 -45 -31 -27 -28 -23 -40 -30 -38 -22 -22 -18 -12 -13 -10 -12 -11 -7 1 5 10 25 29 46 55 69 85 90 95 96 97 101 96 55 9 -23 -41 -41 -40 -40 -45 -44 -38 -32 -26 -13 1 0 4 4 8 9 0 -9 -21 -23 -25 -20 -19 -20 -22 -35 -47 -57 -65 -73 -73 -77 -76 -65 -53 -33 -18 -12 -9 -13 -16 -8 0 21 39 55 72 86
-99 -116 -103 -98 -91 -81 -87 -89 -90 -97 -83 -76 -68 -62 -44 -21 -25 -3 -21 -22 -24 -25 -20 -24 -15 -10 -10 -10 -10 -12 0 10 16 28 33 36 49 50 67 82 81 87 89 94 92 103 41 -11 -24 -45 -38 -32 -41 -51 -41 -35 -30 -26 -10 6 6 6 13 23 7 0 -11 -24 -22 -23 -21 -20 -24 -27 -42 -53 -63 -76 -73 -74 -73 -72 -56 -41 -28 -13 -14 -8 -11 -12 1 11 32 48 65 83
-95 -103 -111 -101 -100 -88 -96 -91 -100 -96 -97 -85 -89 -73 -64 -42 -46 -28 -24 -24 -15 -18 -11 -15 -11 -10 -5 -7 -8 -8 -6 5 15 26 38 42 54 57 56 67 68 72 80 80 86 83 71 27 -7 -27 -36 -36 -36 -42 -41 -38 -35 -29 -20 -6 7 12 18 22 10 3 -2 -13 -18 -20 -21 -22 -25 -28 -38 -48 -61 -69 -73 -73 -75 -70 -60 -46 -33 -22 -21 -16 -13 -11 2 11 28 45 59 75
-80 -90 -93 -97 -88 -74 -81 -83 -85 -95 -84 -76 -76 -82 -58 -26 -35 -33 -26 -30 -21 -22 -18 -18 -16 -13 -10 -2 -6 -3 0 2 15 21 33 36 51 62 58 58 56 52 58 67 72 87 72 67 19 -24 -29 -40 -39 -41 -41 -39 -39 -37 -26 -14 2 16 24 41 20 3 0 -10 -15 -20 -21 -22 -23 -22 -33 -40 -54 -70 -68 -69 -71 -75 -61 -52 -38 -18 -22 -21 -18 -22 -6 7 24 43 56 72
-60 -72 -79 -82 -80 -74 -65 -72 -65 -77 -69 -69 -65 -67 -63 -44 -30 -29 -14 -20 -14 -16 -16 -16 -20 -17 -19 -12 -12 -7 5 8 24 28 38 43 50 60 54 59 37 45 25 43 47 62 74 65 49 11 -22 -33 -41 -42 -42 -41 -43 -40 -35 -24 1 14 27 35 35 19 6 -3 -13 -18 -22 -23 -23 -24 -27 -36 -47 -59 -66 -68 -69 -69 -61 -52 -42 -29 -24 -23 -21 -20 -16 -1 21 38 52 66
-51 -53 -65 -76 -73 -73 -70 -71 -70 -75 -69 -58 -62 -59 -56 -51 -42 -42 -28 -21 -19 -14 -16 -10 -16 -15 -16 -13 -11 -18 -1 1 17 29 36 46 56 77 73 86 67 57 45 24 41 41 64 83 60 49 3 -36 -36 -45 -42 -37 -43 -48 -41 -44 -13 15 23 40 33 32 15 2 -7 -17 -21 -26 -24 -23 -26 -26 -41 -53 -59 -66 -66 -73 -62 -53 -44 -29 -29 -25 -25 -23 -17 -19 10 38 47 60
-38 -47 -44 -58 -58 -63 -61 -64 -65 -66 -69 -62 -61 -56 -51 -47 -39 -36 -33 -25 -27 -19 -24 -17 -22 -18 -20 -16 -5 -8 2 7 14 26 31 44 47 65 75 81 86 74 62 46 36 41 57 69 73 58 26 -7 -31 -39 -44 -42 -45 -47 -48 -42 -27 -2 19 32 34 33 21 9 -4 -13 -19 -24 -24 -24 -25 -28 -33 -44 -52 -59 -60 -64 -63 -55 -48 -37 -30 -28 -30 -27 -20 -14 3 25 42 56
-45 -48 -51 -56 -59 -62 -63 -62 -62 -58 -61 -57 -56 -57 -50 -49 -41 -36 -30 -17 -19 -11 -14 -12 -15 -18 -18 -29 -14 -14 -1 11 17 32 37 52 55 64 74 86 88 93 76 59 47 23 51 72 76 93 47 10 -14 -40 -40 -42 -45 -46 -47 -55 -31 -12 9 38 36 42 28 17 1 -14 -19 -27 -25 -23 -24 -23 -29 -37 -46 -57 -57 -61 -59 -57 -49 -41 -36 -27 -31 -35 -25 -25 -2 20 34 53
-46 -48 -51 -54 -58 -60 -63 -62 -65 -61 -58 -56 -50 -51 -45 -43 -41 -35 -36 -25 -21 -15 -11 -10 -7 -12 -5 -15 -8 -7 -6 4 10 23 33 45 54 62 73 81 95 95 97 80 64 49 45 62 82 86 72 38 -1 -23 -38 -42 -44 -47 -45 -47 -36 -20 1 21 39 40 37 23 6 -7 -19 -25 -29 -27 -24 -24 -22 -29 -38 -47 -54 -56 -57 -54 -50 -43 -40 -34 -34 -35 -29 -23 -10 10 24 42
-48 -49 -51 -53 -55 -55 -59 -59 -61 -62 -59 -58 -52 -49 -43 -37 -35 -25 -28 -24 -19 -15 -12 -14 -13 -21 -15 -17 -10 0 -2 4 9 18 28 41 48 56 64 68 84 97 97 104 79 55 56 43 75 105 80 75 24 -19 -28 -43 -44 -49 -48 -53 -40 -30 -9 11 25 45 34 36 12 -3 -14 -26 -27 -31 -25 -22 -20 -17 -29 -40 -45 -52 -52 -54 -49 -45 -41 -36 -38 -42 -34 -28 -12 7 20 35
-50 -50 -55 -54 -58 -56 -59 -58 -59 -60 -58 -56 -52 -48 -42 -36 -33 -28 -25 -23 -11 -12 1 -6 -6 -14 -15 -15 -14 -7 -4 -1 5 10 22 30 45 51 62 67 78 88 100 100 94 77 65 62 74 91 88 76 45 8 -19 -32 -40 -45 -50 -49 -45 -32 -19 1 13 29 28 27 15 0 -11 -22 -28 -30 -24 -21 -13 -14 -19 -28 -37 -43 -46 -48 -49 -45 -43 -39 -41 -42 -41 -32 -17 -1 18 31
-47 -46 -50 -51 -51 -51 -53 -56 -57 -61 -58 -57 -52 -48 -41 -31 -32 -26 -27 -34 -23 -25 -15 -6 -13 -13 -14 -12 -11 -7 -9 -10 -7 -4 4 14 27 42 50 57 68 75 90 111 98 94 78 53 77 98 89 100 59 28 0 -31 -33 -40 -43 -50 -42 -38 -20 -3 11 31 26 29 14 2 -10 -21 -27 -36 -26 -23 -13 -1 -12 -17 -28 -38 -40 -42 -44 -46 -43 -38 -41 -43 -41 -43 -24 -9 8 31
-48 -48 -48 -50 -47 -49 -47 -51 -53 -56 -58 -57 -52 -48 -41 -35 -30 -28 -21 -26 -19 -19 -24 -16 -27 -22 -19 -14 -8 -6 -12 -12 -21 -15 -15 -3 9 23 43 51 59 69 79 92 102 96 92 79 82 91 90 87 74 43 21 -8 -23 -33 -35 -42 -41 -36 -23 -8 7 21 23 23 13 1 -11 -21 -26 -32 -24 -20 -10 -3 -2 -9 -17 -27 -33 -37 -39 -41 -42 -40 -42 -43 -42 -40 -31 -16 -1 18
-51 -48 -50 -52 -49 -48 -48 -47 -51 -54 -56 -61 -54 -51 -45 -36 -36 -36 -30 -32 -23 -12 -19 -9 -20 -30 -18 -18 -10 1 -9 -9 -19 -26 -22 -23 -6 4 28 50 52 56 70 80 90 102 91 81 86 95 86 88 70 55 29 2 -14 -34 -35 -39 -39 -41 -26 -12 3 25 21 24 11 1 -13 -26 -29 -39 -27 -21 -10 3 0 1 -9 -20 -26 -32 -35 -38 -39 -39 -43 -46 -44 -43 -32 -22 -6 8
